% time	cellId	IMSI	frame	sframe	RNTI	mcsTb1	sizeTb1	mcsTb2	sizeTb2
0.021	1	1	3	2	1	0	81	0	0
0.022	1	1	3	3	1	0	81	0	0
0.023	1	1	3	4	1	0	81	0	0
0.024	1	1	3	5	1	0	81	0	0
0.025	1	1	3	6	1	0	81	0	0
0.026	1	1	3	7	1	10	469	0	0
0.027	1	1	3	8	1	10	469	0	0
0.028	1	1	3	9	1	10	469	0	0
0.029	1	1	3	10	1	10	469	0	0
0.03	1	1	4	1	1	10	469	0	0
0.031	1	1	4	2	1	10	469	0	0
0.032	1	1	4	3	1	10	469	0	0
0.033	1	1	4	4	1	10	469	0	0
0.034	1	1	4	5	1	10	469	0	0
0.035	1	1	4	6	1	10	469	0	0
0.036	1	1	4	7	1	10	469	0	0
0.037	1	1	4	8	1	10	469	0	0
0.038	1	1	4	9	1	10	469	0	0
0.039	1	1	4	10	1	10	469	0	0
0.04	1	1	5	1	1	10	469	0	0
0.041	1	1	5	2	1	10	469	0	0
0.042	1	1	5	3	1	10	469	0	0
0.043	1	1	5	4	1	10	469	0	0
0.044	1	1	5	5	1	10	469	0	0
0.045	1	1	5	6	1	10	469	0	0
0.046	1	1	5	7	1	10	469	0	0
0.047	1	1	5	8	1	10	469	0	0
0.048	1	1	5	9	1	10	469	0	0
0.049	1	1	5	10	1	10	469	0	0
0.05	1	1	6	1	1	10	469	0	0
0.051	1	1	6	2	1	10	469	0	0
0.052	1	1	6	3	1	10	469	0	0
0.053	1	1	6	4	1	10	469	0	0
0.054	1	1	6	5	1	10	469	0	0
0.055	1	1	6	6	1	10	469	0	0
0.056	1	1	6	7	1	10	469	0	0
0.057	1	1	6	8	1	10	469	0	0
0.058	1	1	6	9	1	10	469	0	0
0.059	1	1	6	10	1	10	469	0	0
0.06	1	1	7	1	1	10	469	0	0
0.061	1	1	7	2	1	10	469	0	0
0.062	1	1	7	3	1	10	469	0	0
0.063	1	1	7	4	1	10	469	0	0
0.064	1	1	7	5	1	10	469	0	0
0.065	1	1	7	6	1	10	469	0	0
0.066	1	1	7	7	1	10	469	0	0
0.067	1	1	7	8	1	10	469	0	0
0.068	1	1	7	9	1	10	469	0	0
0.069	1	1	7	10	1	10	469	0	0
0.07	1	1	8	1	1	10	469	0	0
0.071	1	1	8	2	1	10	469	0	0
0.072	1	1	8	3	1	10	469	0	0
0.073	1	1	8	4	1	10	469	0	0
0.074	1	1	8	5	1	10	469	0	0
0.075	1	1	8	6	1	10	469	0	0
0.076	1	1	8	7	1	10	469	0	0
0.077	1	1	8	8	1	10	469	0	0
0.078	1	1	8	9	1	10	469	0	0
0.079	1	1	8	10	1	10	469	0	0
0.08	1	1	9	1	1	10	469	0	0
0.081	1	1	9	2	1	10	469	0	0
0.082	1	1	9	3	1	10	469	0	0
0.083	1	1	9	4	1	10	469	0	0
0.084	1	1	9	5	1	10	469	0	0
0.085	1	1	9	6	1	10	469	0	0
0.086	1	1	9	7	1	10	469	0	0
0.087	1	1	9	8	1	10	469	0	0
0.088	1	1	9	9	1	10	469	0	0
0.089	1	1	9	10	1	10	469	0	0
0.09	1	1	10	1	1	10	469	0	0
0.091	1	1	10	2	1	10	469	0	0
0.092	1	1	10	3	1	10	469	0	0
0.093	1	1	10	4	1	10	469	0	0
0.094	1	1	10	5	1	10	469	0	0
0.095	1	1	10	6	1	10	469	0	0
0.096	1	1	10	7	1	10	469	0	0
0.097	1	1	10	8	1	10	469	0	0
0.098	1	1	10	9	1	10	469	0	0
0.099	1	1	10	10	1	10	469	0	0
0.1	1	1	11	1	1	10	469	0	0
0.101	1	1	11	2	1	10	469	0	0
0.102	1	1	11	3	1	10	469	0	0
0.103	1	1	11	4	1	10	469	0	0
0.104	1	1	11	5	1	10	469	0	0
0.105	1	1	11	6	1	10	469	0	0
0.106	1	1	11	7	1	10	469	0	0
0.107	1	1	11	8	1	10	469	0	0
0.108	1	1	11	9	1	10	469	0	0
0.109	1	1	11	10	1	10	469	0	0
0.11	1	1	12	1	1	10	469	0	0
0.111	1	1	12	2	1	10	469	0	0
0.112	1	1	12	3	1	10	469	0	0
0.113	1	1	12	4	1	10	469	0	0
0.114	1	1	12	5	1	10	469	0	0
0.115	1	1	12	6	1	10	469	0	0
0.116	1	1	12	7	1	10	469	0	0
0.117	1	1	12	8	1	10	469	0	0
0.118	1	1	12	9	1	10	469	0	0
0.119	1	1	12	10	1	10	469	0	0
0.12	1	1	13	1	1	10	469	0	0
0.121	1	1	13	2	1	10	469	0	0
0.122	1	1	13	3	1	10	469	0	0
0.123	1	1	13	4	1	10	469	0	0
0.124	1	1	13	5	1	10	469	0	0
0.125	1	1	13	6	1	10	469	0	0
0.126	1	1	13	7	1	10	469	0	0
0.127	1	1	13	8	1	10	469	0	0
0.128	1	1	13	9	1	10	469	0	0
0.129	1	1	13	10	1	10	469	0	0
0.13	1	1	14	1	1	10	469	0	0
0.131	1	1	14	2	1	10	469	0	0
0.132	1	1	14	3	1	10	469	0	0
0.133	1	1	14	4	1	10	469	0	0
0.134	1	1	14	5	1	10	469	0	0
0.135	1	1	14	6	1	10	469	0	0
0.136	1	1	14	7	1	10	469	0	0
0.137	1	1	14	8	1	10	469	0	0
0.138	1	1	14	9	1	10	469	0	0
0.139	1	1	14	10	1	10	469	0	0
0.14	1	1	15	1	1	10	469	0	0
0.141	1	1	15	2	1	10	469	0	0
0.142	1	1	15	3	1	10	469	0	0
0.143	1	1	15	4	1	10	469	0	0
0.144	1	1	15	5	1	10	469	0	0
0.145	1	1	15	6	1	10	469	0	0
0.146	1	1	15	7	1	10	469	0	0
0.147	1	1	15	8	1	10	469	0	0
0.148	1	1	15	9	1	10	469	0	0
0.149	1	1	15	10	1	10	469	0	0
0.15	1	1	16	1	1	10	469	0	0
0.151	1	1	16	2	1	10	469	0	0
0.152	1	1	16	3	1	10	469	0	0
0.153	1	1	16	4	1	10	469	0	0
0.154	1	1	16	5	1	10	469	0	0
0.155	1	1	16	6	1	10	469	0	0
0.156	1	1	16	7	1	10	469	0	0
0.157	1	1	16	8	1	10	469	0	0
0.158	1	1	16	9	1	10	469	0	0
0.159	1	1	16	10	1	10	469	0	0
0.16	1	1	17	1	1	10	469	0	0
0.161	1	1	17	2	1	10	469	0	0
0.162	1	1	17	3	1	10	469	0	0
0.163	1	1	17	4	1	10	469	0	0
0.164	1	1	17	5	1	10	469	0	0
0.165	1	1	17	6	1	10	469	0	0
0.166	1	1	17	7	1	10	469	0	0
0.167	1	1	17	8	1	10	469	0	0
0.168	1	1	17	9	1	10	469	0	0
0.169	1	1	17	10	1	10	469	0	0
0.17	1	1	18	1	1	10	469	0	0
0.171	1	1	18	2	1	10	469	0	0
0.172	1	1	18	3	1	10	469	0	0
0.173	1	1	18	4	1	10	469	0	0
0.174	1	1	18	5	1	10	469	0	0
0.175	1	1	18	6	1	10	469	0	0
0.176	1	1	18	7	1	10	469	0	0
0.177	1	1	18	8	1	10	469	0	0
0.178	1	1	18	9	1	10	469	0	0
0.179	1	1	18	10	1	10	469	0	0
0.18	1	1	19	1	1	10	469	0	0
0.181	1	1	19	2	1	10	469	0	0
0.182	1	1	19	3	1	10	469	0	0
0.183	1	1	19	4	1	10	469	0	0
0.184	1	1	19	5	1	10	469	0	0
0.185	1	1	19	6	1	10	469	0	0
0.186	1	1	19	7	1	10	469	0	0
0.187	1	1	19	8	1	10	469	0	0
0.188	1	1	19	9	1	10	469	0	0
0.189	1	1	19	10	1	10	469	0	0
0.19	1	1	20	1	1	10	469	0	0
0.191	1	1	20	2	1	10	469	0	0
0.192	1	1	20	3	1	10	469	0	0
0.193	1	1	20	4	1	10	469	0	0
0.194	1	1	20	5	1	10	469	0	0
0.195	1	1	20	6	1	10	469	0	0
0.196	1	1	20	7	1	10	469	0	0
0.197	1	1	20	8	1	10	469	0	0
0.198	1	1	20	9	1	10	469	0	0
0.199	1	1	20	10	1	10	469	0	0
0.2	1	1	21	1	1	10	469	0	0
0.201	1	1	21	2	1	10	469	0	0
0.202	1	1	21	3	1	10	469	0	0
0.203	1	1	21	4	1	10	469	0	0
0.204	1	1	21	5	1	10	469	0	0
0.205	1	1	21	6	1	10	469	0	0
0.206	1	1	21	7	1	10	469	0	0
0.207	1	1	21	8	1	10	469	0	0
0.208	1	1	21	9	1	10	469	0	0
0.209	1	1	21	10	1	10	469	0	0
0.21	1	1	22	1	1	10	469	0	0
0.211	1	1	22	2	1	10	469	0	0
0.212	1	1	22	3	1	10	469	0	0
0.213	1	1	22	4	1	10	469	0	0
0.214	1	1	22	5	1	10	469	0	0
0.215	1	1	22	6	1	10	469	0	0
0.216	1	1	22	7	1	10	469	0	0
0.217	1	1	22	8	1	10	469	0	0
0.218	1	1	22	9	1	10	469	0	0
0.219	1	1	22	10	1	10	469	0	0
0.22	1	1	23	1	1	10	469	0	0
0.221	1	1	23	2	1	10	469	0	0
0.222	1	1	23	3	1	10	469	0	0
0.223	1	1	23	4	1	10	469	0	0
0.224	1	1	23	5	1	10	469	0	0
0.225	1	1	23	6	1	10	469	0	0
0.226	1	1	23	7	1	10	469	0	0
0.227	1	1	23	8	1	10	469	0	0
0.228	1	1	23	9	1	10	469	0	0
0.229	1	1	23	10	1	10	469	0	0
0.23	1	1	24	1	1	10	469	0	0
0.231	1	1	24	2	1	10	469	0	0
0.232	1	1	24	3	1	10	469	0	0
0.233	1	1	24	4	1	10	469	0	0
0.234	1	1	24	5	1	10	469	0	0
0.235	1	1	24	6	1	10	469	0	0
0.236	1	1	24	7	1	10	469	0	0
0.237	1	1	24	8	1	10	469	0	0
0.238	1	1	24	9	1	10	469	0	0
0.239	1	1	24	10	1	10	469	0	0
0.24	1	1	25	1	1	10	469	0	0
0.241	1	1	25	2	1	10	469	0	0
0.242	1	1	25	3	1	10	469	0	0
0.243	1	1	25	4	1	10	469	0	0
0.244	1	1	25	5	1	10	469	0	0
0.245	1	1	25	6	1	10	469	0	0
0.246	1	1	25	7	1	10	469	0	0
0.247	1	1	25	8	1	10	469	0	0
0.248	1	1	25	9	1	10	469	0	0
0.249	1	1	25	10	1	10	469	0	0
0.25	1	1	26	1	1	10	469	0	0
0.251	1	1	26	2	1	10	469	0	0
0.252	1	1	26	3	1	10	469	0	0
0.253	1	1	26	4	1	10	469	0	0
0.254	1	1	26	5	1	10	469	0	0
0.255	1	1	26	6	1	10	469	0	0
0.256	1	1	26	7	1	10	469	0	0
0.257	1	1	26	8	1	10	469	0	0
0.258	1	1	26	9	1	10	469	0	0
0.259	1	1	26	10	1	10	469	0	0
0.26	1	1	27	1	1	10	469	0	0
0.261	1	1	27	2	1	10	469	0	0
0.262	1	1	27	3	1	10	469	0	0
0.263	1	1	27	4	1	10	469	0	0
0.264	1	1	27	5	1	10	469	0	0
0.265	1	1	27	6	1	10	469	0	0
0.266	1	1	27	7	1	10	469	0	0
0.267	1	1	27	8	1	10	469	0	0
0.268	1	1	27	9	1	10	469	0	0
0.269	1	1	27	10	1	10	469	0	0
0.27	1	1	28	1	1	10	469	0	0
0.271	1	1	28	2	1	10	469	0	0
0.272	1	1	28	3	1	10	469	0	0
0.273	1	1	28	4	1	10	469	0	0
0.274	1	1	28	5	1	10	469	0	0
0.275	1	1	28	6	1	10	469	0	0
0.276	1	1	28	7	1	10	469	0	0
0.277	1	1	28	8	1	10	469	0	0
0.278	1	1	28	9	1	10	469	0	0
0.279	1	1	28	10	1	10	469	0	0
0.28	1	1	29	1	1	10	469	0	0
0.281	1	1	29	2	1	10	469	0	0
0.282	1	1	29	3	1	10	469	0	0
0.283	1	1	29	4	1	10	469	0	0
0.284	1	1	29	5	1	10	469	0	0
0.285	1	1	29	6	1	10	469	0	0
0.286	1	1	29	7	1	10	469	0	0
0.287	1	1	29	8	1	10	469	0	0
0.288	1	1	29	9	1	10	469	0	0
0.289	1	1	29	10	1	10	469	0	0
0.29	1	1	30	1	1	10	469	0	0
0.291	1	1	30	2	1	10	469	0	0
0.292	1	1	30	3	1	10	469	0	0
0.293	1	1	30	4	1	10	469	0	0
0.294	1	1	30	5	1	10	469	0	0
0.295	1	1	30	6	1	10	469	0	0
0.296	1	1	30	7	1	10	469	0	0
0.297	1	1	30	8	1	10	469	0	0
0.298	1	1	30	9	1	10	469	0	0
0.299	1	1	30	10	1	10	469	0	0
0.3	1	1	31	1	1	10	469	0	0
0.301	1	1	31	2	1	10	469	0	0
0.302	1	1	31	3	1	10	469	0	0
0.303	1	1	31	4	1	10	469	0	0
0.304	1	1	31	5	1	10	469	0	0
0.305	1	1	31	6	1	10	469	0	0
0.306	1	1	31	7	1	10	469	0	0
0.307	1	1	31	8	1	10	469	0	0
0.308	1	1	31	9	1	10	469	0	0
0.309	1	1	31	10	1	10	469	0	0
0.31	1	1	32	1	1	10	469	0	0
0.311	1	1	32	2	1	10	469	0	0
0.312	1	1	32	3	1	10	469	0	0
0.313	1	1	32	4	1	10	469	0	0
0.314	1	1	32	5	1	10	469	0	0
0.315	1	1	32	6	1	10	469	0	0
0.316	1	1	32	7	1	10	469	0	0
0.317	1	1	32	8	1	10	469	0	0
0.318	1	1	32	9	1	10	469	0	0
0.319	1	1	32	10	1	10	469	0	0
0.32	1	1	33	1	1	10	469	0	0
0.321	1	1	33	2	1	10	469	0	0
0.322	1	1	33	3	1	10	469	0	0
0.323	1	1	33	4	1	10	469	0	0
0.324	1	1	33	5	1	10	469	0	0
0.325	1	1	33	6	1	10	469	0	0
0.326	1	1	33	7	1	10	469	0	0
0.327	1	1	33	8	1	10	469	0	0
0.328	1	1	33	9	1	10	469	0	0
0.329	1	1	33	10	1	10	469	0	0
0.33	1	1	34	1	1	10	469	0	0
0.331	1	1	34	2	1	10	469	0	0
0.332	1	1	34	3	1	10	469	0	0
0.333	1	1	34	4	1	10	469	0	0
0.334	1	1	34	5	1	10	469	0	0
0.335	1	1	34	6	1	10	469	0	0
0.336	1	1	34	7	1	10	469	0	0
0.337	1	1	34	8	1	10	469	0	0
0.338	1	1	34	9	1	10	469	0	0
0.339	1	1	34	10	1	10	469	0	0
0.34	1	1	35	1	1	10	469	0	0
0.341	1	1	35	2	1	10	469	0	0
0.342	1	1	35	3	1	10	469	0	0
0.343	1	1	35	4	1	10	469	0	0
0.344	1	1	35	5	1	10	469	0	0
0.345	1	1	35	6	1	10	469	0	0
0.346	1	1	35	7	1	10	469	0	0
0.347	1	1	35	8	1	10	469	0	0
0.348	1	1	35	9	1	10	469	0	0
0.349	1	1	35	10	1	10	469	0	0
0.35	1	1	36	1	1	10	469	0	0
0.351	1	1	36	2	1	10	469	0	0
0.352	1	1	36	3	1	10	469	0	0
0.353	1	1	36	4	1	10	469	0	0
0.354	1	1	36	5	1	10	469	0	0
0.355	1	1	36	6	1	10	469	0	0
0.356	1	1	36	7	1	10	469	0	0
0.357	1	1	36	8	1	10	469	0	0
0.358	1	1	36	9	1	10	469	0	0
0.359	1	1	36	10	1	10	469	0	0
0.36	1	1	37	1	1	10	469	0	0
0.361	1	1	37	2	1	10	469	0	0
0.362	1	1	37	3	1	10	469	0	0
0.363	1	1	37	4	1	10	469	0	0
0.364	1	1	37	5	1	10	469	0	0
0.365	1	1	37	6	1	10	469	0	0
0.366	1	1	37	7	1	10	469	0	0
0.367	1	1	37	8	1	10	469	0	0
0.368	1	1	37	9	1	10	469	0	0
0.369	1	1	37	10	1	10	469	0	0
0.37	1	1	38	1	1	10	469	0	0
0.371	1	1	38	2	1	10	469	0	0
0.372	1	1	38	3	1	10	469	0	0
0.373	1	1	38	4	1	10	469	0	0
0.374	1	1	38	5	1	10	469	0	0
0.375	1	1	38	6	1	10	469	0	0
0.376	1	1	38	7	1	10	469	0	0
0.377	1	1	38	8	1	10	469	0	0
0.378	1	1	38	9	1	10	469	0	0
0.379	1	1	38	10	1	10	469	0	0
0.38	1	1	39	1	1	10	469	0	0
0.381	1	1	39	2	1	10	469	0	0
0.382	1	1	39	3	1	10	469	0	0
0.383	1	1	39	4	1	10	469	0	0
0.384	1	1	39	5	1	10	469	0	0
0.385	1	1	39	6	1	10	469	0	0
0.386	1	1	39	7	1	10	469	0	0
0.387	1	1	39	8	1	10	469	0	0
0.388	1	1	39	9	1	10	469	0	0
0.389	1	1	39	10	1	10	469	0	0
0.39	1	1	40	1	1	10	469	0	0
0.391	1	1	40	2	1	10	469	0	0
0.392	1	1	40	3	1	10	469	0	0
0.393	1	1	40	4	1	10	469	0	0
0.394	1	1	40	5	1	10	469	0	0
0.395	1	1	40	6	1	10	469	0	0
0.396	1	1	40	7	1	10	469	0	0
0.397	1	1	40	8	1	10	469	0	0
0.398	1	1	40	9	1	10	469	0	0
0.399	1	1	40	10	1	10	469	0	0
0.4	1	1	41	1	1	10	469	0	0
0.401	1	1	41	2	1	10	469	0	0
0.402	1	1	41	3	1	10	469	0	0
0.403	1	1	41	4	1	10	469	0	0
0.404	1	1	41	5	1	10	469	0	0
0.405	1	1	41	6	1	10	469	0	0
0.406	1	1	41	7	1	10	469	0	0
0.407	1	1	41	8	1	10	469	0	0
0.408	1	1	41	9	1	10	469	0	0
0.409	1	1	41	10	1	10	469	0	0
0.41	1	1	42	1	1	10	469	0	0
0.411	1	1	42	2	1	10	469	0	0
0.412	1	1	42	3	1	10	469	0	0
0.413	1	1	42	4	1	10	469	0	0
0.414	1	1	42	5	1	10	469	0	0
0.415	1	1	42	6	1	10	469	0	0
0.416	1	1	42	7	1	10	469	0	0
0.417	1	1	42	8	1	10	469	0	0
0.418	1	1	42	9	1	10	469	0	0
0.419	1	1	42	10	1	10	469	0	0
0.42	1	1	43	1	1	10	469	0	0
0.421	1	1	43	2	1	10	469	0	0
0.422	1	1	43	3	1	10	469	0	0
0.423	1	1	43	4	1	10	469	0	0
0.424	1	1	43	5	1	10	469	0	0
0.425	1	1	43	6	1	10	469	0	0
0.426	1	1	43	7	1	10	469	0	0
0.427	1	1	43	8	1	10	469	0	0
0.428	1	1	43	9	1	10	469	0	0
0.429	1	1	43	10	1	10	469	0	0
0.43	1	1	44	1	1	10	469	0	0
0.431	1	1	44	2	1	10	469	0	0
0.432	1	1	44	3	1	10	469	0	0
0.433	1	1	44	4	1	10	469	0	0
0.434	1	1	44	5	1	10	469	0	0
0.435	1	1	44	6	1	10	469	0	0
0.436	1	1	44	7	1	10	469	0	0
0.437	1	1	44	8	1	10	469	0	0
0.438	1	1	44	9	1	10	469	0	0
0.439	1	1	44	10	1	10	469	0	0
0.44	1	1	45	1	1	10	469	0	0
0.441	1	1	45	2	1	10	469	0	0
0.442	1	1	45	3	1	10	469	0	0
0.443	1	1	45	4	1	10	469	0	0
0.444	1	1	45	5	1	10	469	0	0
0.445	1	1	45	6	1	10	469	0	0
0.446	1	1	45	7	1	10	469	0	0
0.447	1	1	45	8	1	10	469	0	0
0.448	1	1	45	9	1	10	469	0	0
0.449	1	1	45	10	1	10	469	0	0
0.45	1	1	46	1	1	10	469	0	0
0.451	1	1	46	2	1	10	469	0	0
0.452	1	1	46	3	1	10	469	0	0
0.453	1	1	46	4	1	10	469	0	0
0.454	1	1	46	5	1	10	469	0	0
0.455	1	1	46	6	1	10	469	0	0
0.456	1	1	46	7	1	10	469	0	0
0.457	1	1	46	8	1	10	469	0	0
0.458	1	1	46	9	1	10	469	0	0
0.459	1	1	46	10	1	10	469	0	0
0.46	1	1	47	1	1	10	469	0	0
0.461	1	1	47	2	1	10	469	0	0
0.462	1	1	47	3	1	10	469	0	0
0.463	1	1	47	4	1	10	469	0	0
0.464	1	1	47	5	1	10	469	0	0
0.465	1	1	47	6	1	10	469	0	0
0.466	1	1	47	7	1	10	469	0	0
0.467	1	1	47	8	1	10	469	0	0
0.468	1	1	47	9	1	10	469	0	0
0.469	1	1	47	10	1	10	469	0	0
0.47	1	1	48	1	1	10	469	0	0
0.471	1	1	48	2	1	10	469	0	0
0.472	1	1	48	3	1	10	469	0	0
0.473	1	1	48	4	1	10	469	0	0
0.474	1	1	48	5	1	10	469	0	0
0.475	1	1	48	6	1	10	469	0	0
0.476	1	1	48	7	1	10	469	0	0
0.477	1	1	48	8	1	10	469	0	0
0.478	1	1	48	9	1	10	469	0	0
0.479	1	1	48	10	1	10	469	0	0
0.48	1	1	49	1	1	10	469	0	0
0.481	1	1	49	2	1	10	469	0	0
0.482	1	1	49	3	1	10	469	0	0
0.483	1	1	49	4	1	10	469	0	0
0.484	1	1	49	5	1	10	469	0	0
0.485	1	1	49	6	1	10	469	0	0
0.486	1	1	49	7	1	10	469	0	0
0.487	1	1	49	8	1	10	469	0	0
0.488	1	1	49	9	1	10	469	0	0
0.489	1	1	49	10	1	10	469	0	0
0.49	1	1	50	1	1	10	469	0	0
0.491	1	1	50	2	1	10	469	0	0
0.492	1	1	50	3	1	10	469	0	0
0.493	1	1	50	4	1	10	469	0	0
0.494	1	1	50	5	1	10	469	0	0
0.495	1	1	50	6	1	10	469	0	0
0.496	1	1	50	7	1	10	469	0	0
0.497	1	1	50	8	1	10	469	0	0
0.498	1	1	50	9	1	10	469	0	0
0.499	1	1	50	10	1	10	469	0	0
0.5	1	1	51	1	1	10	469	0	0
0.501	1	1	51	2	1	10	469	0	0
0.502	1	1	51	3	1	10	469	0	0
0.503	1	1	51	4	1	10	469	0	0
0.504	1	1	51	5	1	10	469	0	0
0.505	1	1	51	6	1	10	469	0	0
0.506	1	1	51	7	1	10	469	0	0
0.507	1	1	51	8	1	10	469	0	0
0.508	1	1	51	9	1	10	469	0	0
0.509	1	1	51	10	1	10	469	0	0
0.51	1	1	52	1	1	10	469	0	0
0.511	1	1	52	2	1	10	469	0	0
0.512	1	1	52	3	1	10	469	0	0
0.513	1	1	52	4	1	10	469	0	0
0.514	1	1	52	5	1	10	469	0	0
0.515	1	1	52	6	1	10	469	0	0
0.516	1	1	52	7	1	10	469	0	0
0.517	1	1	52	8	1	10	469	0	0
0.518	1	1	52	9	1	10	469	0	0
0.519	1	1	52	10	1	10	469	0	0
0.52	1	1	53	1	1	10	469	0	0
0.521	1	1	53	2	1	10	469	0	0
0.522	1	1	53	3	1	10	469	0	0
0.523	1	1	53	4	1	10	469	0	0
0.524	1	1	53	5	1	10	469	0	0
0.525	1	1	53	6	1	10	469	0	0
0.526	1	1	53	7	1	10	469	0	0
0.527	1	1	53	8	1	10	469	0	0
0.528	1	1	53	9	1	10	469	0	0
0.529	1	1	53	10	1	10	469	0	0
0.53	1	1	54	1	1	10	469	0	0
0.531	1	1	54	2	1	10	469	0	0
0.532	1	1	54	3	1	10	469	0	0
0.533	1	1	54	4	1	10	469	0	0
0.534	1	1	54	5	1	10	469	0	0
0.535	1	1	54	6	1	10	469	0	0
0.536	1	1	54	7	1	10	469	0	0
0.537	1	1	54	8	1	10	469	0	0
0.538	1	1	54	9	1	10	469	0	0
0.539	1	1	54	10	1	10	469	0	0
0.54	1	1	55	1	1	10	469	0	0
0.541	1	1	55	2	1	10	469	0	0
0.542	1	1	55	3	1	10	469	0	0
0.543	1	1	55	4	1	10	469	0	0
0.544	1	1	55	5	1	10	469	0	0
0.545	1	1	55	6	1	10	469	0	0
0.546	1	1	55	7	1	10	469	0	0
0.547	1	1	55	8	1	10	469	0	0
0.548	1	1	55	9	1	10	469	0	0
0.549	1	1	55	10	1	10	469	0	0
0.55	1	1	56	1	1	10	469	0	0
0.551	1	1	56	2	1	10	469	0	0
0.552	1	1	56	3	1	10	469	0	0
0.553	1	1	56	4	1	10	469	0	0
0.554	1	1	56	5	1	10	469	0	0
0.555	1	1	56	6	1	10	469	0	0
0.556	1	1	56	7	1	10	469	0	0
0.557	1	1	56	8	1	10	469	0	0
0.558	1	1	56	9	1	10	469	0	0
0.559	1	1	56	10	1	10	469	0	0
0.56	1	1	57	1	1	10	469	0	0
0.561	1	1	57	2	1	10	469	0	0
0.562	1	1	57	3	1	10	469	0	0
0.563	1	1	57	4	1	10	469	0	0
0.564	1	1	57	5	1	10	469	0	0
0.565	1	1	57	6	1	10	469	0	0
0.566	1	1	57	7	1	10	469	0	0
0.567	1	1	57	8	1	10	469	0	0
0.568	1	1	57	9	1	10	469	0	0
0.569	1	1	57	10	1	10	469	0	0
0.57	1	1	58	1	1	10	469	0	0
0.571	1	1	58	2	1	10	469	0	0
0.572	1	1	58	3	1	10	469	0	0
0.573	1	1	58	4	1	10	469	0	0
0.574	1	1	58	5	1	10	469	0	0
0.575	1	1	58	6	1	10	469	0	0
0.576	1	1	58	7	1	10	469	0	0
0.577	1	1	58	8	1	10	469	0	0
0.578	1	1	58	9	1	10	469	0	0
0.579	1	1	58	10	1	10	469	0	0
0.58	1	1	59	1	1	10	469	0	0
0.581	1	1	59	2	1	10	469	0	0
0.582	1	1	59	3	1	10	469	0	0
0.583	1	1	59	4	1	10	469	0	0
0.584	1	1	59	5	1	10	469	0	0
0.585	1	1	59	6	1	10	469	0	0
0.586	1	1	59	7	1	10	469	0	0
0.587	1	1	59	8	1	10	469	0	0
0.588	1	1	59	9	1	10	469	0	0
0.589	1	1	59	10	1	10	469	0	0
0.59	1	1	60	1	1	10	469	0	0
0.591	1	1	60	2	1	10	469	0	0
0.592	1	1	60	3	1	10	469	0	0
0.593	1	1	60	4	1	10	469	0	0
0.594	1	1	60	5	1	10	469	0	0
0.595	1	1	60	6	1	10	469	0	0
0.596	1	1	60	7	1	10	469	0	0
0.597	1	1	60	8	1	10	469	0	0
0.598	1	1	60	9	1	10	469	0	0
0.599	1	1	60	10	1	10	469	0	0
0.6	1	1	61	1	1	10	469	0	0
0.601	1	1	61	2	1	10	469	0	0
0.602	1	1	61	3	1	10	469	0	0
0.603	1	1	61	4	1	10	469	0	0
0.604	1	1	61	5	1	10	469	0	0
0.605	1	1	61	6	1	10	469	0	0
0.606	1	1	61	7	1	10	469	0	0
0.607	1	1	61	8	1	10	469	0	0
0.608	1	1	61	9	1	10	469	0	0
0.609	1	1	61	10	1	10	469	0	0
0.61	1	1	62	1	1	10	469	0	0
0.611	1	1	62	2	1	10	469	0	0
0.612	1	1	62	3	1	10	469	0	0
0.613	1	1	62	4	1	10	469	0	0
0.614	1	1	62	5	1	10	469	0	0
0.615	1	1	62	6	1	10	469	0	0
0.616	1	1	62	7	1	10	469	0	0
0.617	1	1	62	8	1	10	469	0	0
0.618	1	1	62	9	1	10	469	0	0
0.619	1	1	62	10	1	10	469	0	0
0.62	1	1	63	1	1	10	469	0	0
0.621	1	1	63	2	1	10	469	0	0
0.622	1	1	63	3	1	10	469	0	0
0.623	1	1	63	4	1	10	469	0	0
0.624	1	1	63	5	1	10	469	0	0
0.625	1	1	63	6	1	10	469	0	0
0.626	1	1	63	7	1	10	469	0	0
0.627	1	1	63	8	1	10	469	0	0
0.628	1	1	63	9	1	10	469	0	0
0.629	1	1	63	10	1	10	469	0	0
0.63	1	1	64	1	1	10	469	0	0
0.631	1	1	64	2	1	10	469	0	0
0.632	1	1	64	3	1	10	469	0	0
0.633	1	1	64	4	1	10	469	0	0
0.634	1	1	64	5	1	10	469	0	0
0.635	1	1	64	6	1	10	469	0	0
0.636	1	1	64	7	1	10	469	0	0
0.637	1	1	64	8	1	10	469	0	0
0.638	1	1	64	9	1	10	469	0	0
0.639	1	1	64	10	1	10	469	0	0
0.64	1	1	65	1	1	10	469	0	0
0.641	1	1	65	2	1	10	469	0	0
0.642	1	1	65	3	1	10	469	0	0
0.643	1	1	65	4	1	10	469	0	0
0.644	1	1	65	5	1	10	469	0	0
0.645	1	1	65	6	1	10	469	0	0
0.646	1	1	65	7	1	10	469	0	0
0.647	1	1	65	8	1	10	469	0	0
0.648	1	1	65	9	1	10	469	0	0
0.649	1	1	65	10	1	10	469	0	0
0.65	1	1	66	1	1	10	469	0	0
0.651	1	1	66	2	1	10	469	0	0
0.652	1	1	66	3	1	10	469	0	0
0.653	1	1	66	4	1	10	469	0	0
0.654	1	1	66	5	1	10	469	0	0
0.655	1	1	66	6	1	10	469	0	0
0.656	1	1	66	7	1	10	469	0	0
0.657	1	1	66	8	1	10	469	0	0
0.658	1	1	66	9	1	10	469	0	0
0.659	1	1	66	10	1	10	469	0	0
0.66	1	1	67	1	1	10	469	0	0
0.661	1	1	67	2	1	10	469	0	0
0.662	1	1	67	3	1	10	469	0	0
0.663	1	1	67	4	1	10	469	0	0
0.664	1	1	67	5	1	10	469	0	0
0.665	1	1	67	6	1	10	469	0	0
0.666	1	1	67	7	1	10	469	0	0
0.667	1	1	67	8	1	10	469	0	0
0.668	1	1	67	9	1	10	469	0	0
0.669	1	1	67	10	1	10	469	0	0
0.67	1	1	68	1	1	10	469	0	0
0.671	1	1	68	2	1	10	469	0	0
0.672	1	1	68	3	1	10	469	0	0
0.673	1	1	68	4	1	10	469	0	0
0.674	1	1	68	5	1	10	469	0	0
0.675	1	1	68	6	1	10	469	0	0
0.676	1	1	68	7	1	10	469	0	0
0.677	1	1	68	8	1	10	469	0	0
0.678	1	1	68	9	1	10	469	0	0
0.679	1	1	68	10	1	10	469	0	0
0.68	1	1	69	1	1	10	469	0	0
0.681	1	1	69	2	1	10	469	0	0
0.682	1	1	69	3	1	10	469	0	0
0.683	1	1	69	4	1	10	469	0	0
0.684	1	1	69	5	1	10	469	0	0
0.685	1	1	69	6	1	10	469	0	0
0.686	1	1	69	7	1	10	469	0	0
0.687	1	1	69	8	1	10	469	0	0
0.688	1	1	69	9	1	10	469	0	0
0.689	1	1	69	10	1	10	469	0	0
0.69	1	1	70	1	1	10	469	0	0
0.691	1	1	70	2	1	10	469	0	0
0.692	1	1	70	3	1	10	469	0	0
0.693	1	1	70	4	1	10	469	0	0
0.694	1	1	70	5	1	10	469	0	0
0.695	1	1	70	6	1	10	469	0	0
0.696	1	1	70	7	1	10	469	0	0
0.697	1	1	70	8	1	10	469	0	0
0.698	1	1	70	9	1	10	469	0	0
0.699	1	1	70	10	1	10	469	0	0
0.7	1	1	71	1	1	10	469	0	0
0.701	1	1	71	2	1	10	469	0	0
0.702	1	1	71	3	1	10	469	0	0
0.703	1	1	71	4	1	10	469	0	0
0.704	1	1	71	5	1	10	469	0	0
0.705	1	1	71	6	1	10	469	0	0
0.706	1	1	71	7	1	10	469	0	0
0.707	1	1	71	8	1	10	469	0	0
0.708	1	1	71	9	1	10	469	0	0
0.709	1	1	71	10	1	10	469	0	0
0.71	1	1	72	1	1	10	469	0	0
0.711	1	1	72	2	1	10	469	0	0
0.712	1	1	72	3	1	10	469	0	0
0.713	1	1	72	4	1	10	469	0	0
0.714	1	1	72	5	1	10	469	0	0
0.715	1	1	72	6	1	10	469	0	0
0.716	1	1	72	7	1	10	469	0	0
0.717	1	1	72	8	1	10	469	0	0
0.718	1	1	72	9	1	10	469	0	0
0.719	1	1	72	10	1	10	469	0	0
0.72	1	1	73	1	1	10	469	0	0
0.721	1	1	73	2	1	10	469	0	0
0.722	1	1	73	3	1	10	469	0	0
0.723	1	1	73	4	1	10	469	0	0
0.724	1	1	73	5	1	10	469	0	0
0.725	1	1	73	6	1	10	469	0	0
0.726	1	1	73	7	1	10	469	0	0
0.727	1	1	73	8	1	10	469	0	0
0.728	1	1	73	9	1	10	469	0	0
0.729	1	1	73	10	1	10	469	0	0
0.73	1	1	74	1	1	10	469	0	0
0.731	1	1	74	2	1	10	469	0	0
0.732	1	1	74	3	1	10	469	0	0
0.733	1	1	74	4	1	10	469	0	0
0.734	1	1	74	5	1	10	469	0	0
0.735	1	1	74	6	1	10	469	0	0
0.736	1	1	74	7	1	10	469	0	0
0.737	1	1	74	8	1	10	469	0	0
0.738	1	1	74	9	1	10	469	0	0
0.739	1	1	74	10	1	10	469	0	0
0.74	1	1	75	1	1	10	469	0	0
0.741	1	1	75	2	1	10	469	0	0
0.742	1	1	75	3	1	10	469	0	0
0.743	1	1	75	4	1	10	469	0	0
0.744	1	1	75	5	1	10	469	0	0
0.745	1	1	75	6	1	10	469	0	0
0.746	1	1	75	7	1	10	469	0	0
0.747	1	1	75	8	1	10	469	0	0
0.748	1	1	75	9	1	10	469	0	0
0.749	1	1	75	10	1	10	469	0	0
0.75	1	1	76	1	1	10	469	0	0
0.751	1	1	76	2	1	10	469	0	0
0.752	1	1	76	3	1	10	469	0	0
0.753	1	1	76	4	1	10	469	0	0
0.754	1	1	76	5	1	10	469	0	0
0.755	1	1	76	6	1	10	469	0	0
0.756	1	1	76	7	1	10	469	0	0
0.757	1	1	76	8	1	10	469	0	0
0.758	1	1	76	9	1	10	469	0	0
0.759	1	1	76	10	1	10	469	0	0
0.76	1	1	77	1	1	10	469	0	0
0.761	1	1	77	2	1	10	469	0	0
0.762	1	1	77	3	1	10	469	0	0
0.763	1	1	77	4	1	10	469	0	0
0.764	1	1	77	5	1	10	469	0	0
0.765	1	1	77	6	1	10	469	0	0
0.766	1	1	77	7	1	10	469	0	0
0.767	1	1	77	8	1	10	469	0	0
0.768	1	1	77	9	1	10	469	0	0
0.769	1	1	77	10	1	10	469	0	0
0.77	1	1	78	1	1	10	469	0	0
0.771	1	1	78	2	1	10	469	0	0
0.772	1	1	78	3	1	10	469	0	0
0.773	1	1	78	4	1	10	469	0	0
0.774	1	1	78	5	1	10	469	0	0
0.775	1	1	78	6	1	10	469	0	0
0.776	1	1	78	7	1	10	469	0	0
0.777	1	1	78	8	1	10	469	0	0
0.778	1	1	78	9	1	10	469	0	0
0.779	1	1	78	10	1	10	469	0	0
0.78	1	1	79	1	1	10	469	0	0
0.781	1	1	79	2	1	10	469	0	0
0.782	1	1	79	3	1	10	469	0	0
0.783	1	1	79	4	1	10	469	0	0
0.784	1	1	79	5	1	10	469	0	0
0.785	1	1	79	6	1	10	469	0	0
0.786	1	1	79	7	1	10	469	0	0
0.787	1	1	79	8	1	10	469	0	0
0.788	1	1	79	9	1	10	469	0	0
0.789	1	1	79	10	1	10	469	0	0
0.79	1	1	80	1	1	10	469	0	0
0.791	1	1	80	2	1	10	469	0	0
0.792	1	1	80	3	1	10	469	0	0
0.793	1	1	80	4	1	10	469	0	0
0.794	1	1	80	5	1	10	469	0	0
0.795	1	1	80	6	1	10	469	0	0
0.796	1	1	80	7	1	10	469	0	0
0.797	1	1	80	8	1	10	469	0	0
0.798	1	1	80	9	1	10	469	0	0
0.799	1	1	80	10	1	10	469	0	0
0.8	1	1	81	1	1	10	469	0	0
0.801	1	1	81	2	1	10	469	0	0
0.802	1	1	81	3	1	10	469	0	0
0.803	1	1	81	4	1	10	469	0	0
0.804	1	1	81	5	1	10	469	0	0
0.805	1	1	81	6	1	10	469	0	0
0.806	1	1	81	7	1	10	469	0	0
0.807	1	1	81	8	1	10	469	0	0
0.808	1	1	81	9	1	10	469	0	0
0.809	1	1	81	10	1	10	469	0	0
0.81	1	1	82	1	1	10	469	0	0
0.811	1	1	82	2	1	10	469	0	0
0.812	1	1	82	3	1	10	469	0	0
0.813	1	1	82	4	1	10	469	0	0
0.814	1	1	82	5	1	10	469	0	0
0.815	1	1	82	6	1	10	469	0	0
0.816	1	1	82	7	1	10	469	0	0
0.817	1	1	82	8	1	10	469	0	0
0.818	1	1	82	9	1	10	469	0	0
0.819	1	1	82	10	1	10	469	0	0
0.82	1	1	83	1	1	10	469	0	0
0.821	1	1	83	2	1	10	469	0	0
0.822	1	1	83	3	1	10	469	0	0
0.823	1	1	83	4	1	10	469	0	0
0.824	1	1	83	5	1	10	469	0	0
0.825	1	1	83	6	1	10	469	0	0
0.826	1	1	83	7	1	10	469	0	0
0.827	1	1	83	8	1	10	469	0	0
0.828	1	1	83	9	1	10	469	0	0
0.829	1	1	83	10	1	10	469	0	0
0.83	1	1	84	1	1	10	469	0	0
0.831	1	1	84	2	1	10	469	0	0
0.832	1	1	84	3	1	10	469	0	0
0.833	1	1	84	4	1	10	469	0	0
0.834	1	1	84	5	1	10	469	0	0
0.835	1	1	84	6	1	10	469	0	0
0.836	1	1	84	7	1	10	469	0	0
0.837	1	1	84	8	1	10	469	0	0
0.838	1	1	84	9	1	10	469	0	0
0.839	1	1	84	10	1	10	469	0	0
0.84	1	1	85	1	1	10	469	0	0
0.841	1	1	85	2	1	10	469	0	0
0.842	1	1	85	3	1	10	469	0	0
0.843	1	1	85	4	1	10	469	0	0
0.844	1	1	85	5	1	10	469	0	0
0.845	1	1	85	6	1	10	469	0	0
0.846	1	1	85	7	1	10	469	0	0
0.847	1	1	85	8	1	10	469	0	0
0.848	1	1	85	9	1	10	469	0	0
0.849	1	1	85	10	1	10	469	0	0
0.85	1	1	86	1	1	10	469	0	0
0.851	1	1	86	2	1	10	469	0	0
0.852	1	1	86	3	1	10	469	0	0
0.853	1	1	86	4	1	10	469	0	0
0.854	1	1	86	5	1	10	469	0	0
0.855	1	1	86	6	1	10	469	0	0
0.856	1	1	86	7	1	10	469	0	0
0.857	1	1	86	8	1	10	469	0	0
0.858	1	1	86	9	1	10	469	0	0
0.859	1	1	86	10	1	10	469	0	0
0.86	1	1	87	1	1	10	469	0	0
0.861	1	1	87	2	1	10	469	0	0
0.862	1	1	87	3	1	10	469	0	0
0.863	1	1	87	4	1	10	469	0	0
0.864	1	1	87	5	1	10	469	0	0
0.865	1	1	87	6	1	10	469	0	0
0.866	1	1	87	7	1	10	469	0	0
0.867	1	1	87	8	1	10	469	0	0
0.868	1	1	87	9	1	10	469	0	0
0.869	1	1	87	10	1	10	469	0	0
0.87	1	1	88	1	1	10	469	0	0
0.871	1	1	88	2	1	10	469	0	0
0.872	1	1	88	3	1	10	469	0	0
0.873	1	1	88	4	1	10	469	0	0
0.874	1	1	88	5	1	10	469	0	0
0.875	1	1	88	6	1	10	469	0	0
0.876	1	1	88	7	1	10	469	0	0
0.877	1	1	88	8	1	10	469	0	0
0.878	1	1	88	9	1	10	469	0	0
0.879	1	1	88	10	1	10	469	0	0
0.88	1	1	89	1	1	10	469	0	0
0.881	1	1	89	2	1	10	469	0	0
0.882	1	1	89	3	1	10	469	0	0
0.883	1	1	89	4	1	10	469	0	0
0.884	1	1	89	5	1	10	469	0	0
0.885	1	1	89	6	1	10	469	0	0
0.886	1	1	89	7	1	10	469	0	0
0.887	1	1	89	8	1	10	469	0	0
0.888	1	1	89	9	1	10	469	0	0
0.889	1	1	89	10	1	10	469	0	0
0.89	1	1	90	1	1	10	469	0	0
0.891	1	1	90	2	1	10	469	0	0
0.892	1	1	90	3	1	10	469	0	0
0.893	1	1	90	4	1	10	469	0	0
0.894	1	1	90	5	1	10	469	0	0
0.895	1	1	90	6	1	10	469	0	0
0.896	1	1	90	7	1	10	469	0	0
0.897	1	1	90	8	1	10	469	0	0
0.898	1	1	90	9	1	10	469	0	0
0.899	1	1	90	10	1	10	469	0	0
0.9	1	1	91	1	1	10	469	0	0
0.901	1	1	91	2	1	10	469	0	0
0.902	1	1	91	3	1	10	469	0	0
0.903	1	1	91	4	1	10	469	0	0
0.904	1	1	91	5	1	10	469	0	0
0.905	1	1	91	6	1	10	469	0	0
0.906	1	1	91	7	1	10	469	0	0
0.907	1	1	91	8	1	10	469	0	0
0.908	1	1	91	9	1	10	469	0	0
0.909	1	1	91	10	1	10	469	0	0
0.91	1	1	92	1	1	10	469	0	0
0.911	1	1	92	2	1	10	469	0	0
0.912	1	1	92	3	1	10	469	0	0
0.913	1	1	92	4	1	10	469	0	0
0.914	1	1	92	5	1	10	469	0	0
0.915	1	1	92	6	1	10	469	0	0
0.916	1	1	92	7	1	10	469	0	0
0.917	1	1	92	8	1	10	469	0	0
0.918	1	1	92	9	1	10	469	0	0
0.919	1	1	92	10	1	10	469	0	0
0.92	1	1	93	1	1	10	469	0	0
0.921	1	1	93	2	1	10	469	0	0
0.922	1	1	93	3	1	10	469	0	0
0.923	1	1	93	4	1	10	469	0	0
0.924	1	1	93	5	1	10	469	0	0
0.925	1	1	93	6	1	10	469	0	0
0.926	1	1	93	7	1	10	469	0	0
0.927	1	1	93	8	1	10	469	0	0
0.928	1	1	93	9	1	10	469	0	0
0.929	1	1	93	10	1	10	469	0	0
0.93	1	1	94	1	1	10	469	0	0
0.931	1	1	94	2	1	10	469	0	0
0.932	1	1	94	3	1	10	469	0	0
0.933	1	1	94	4	1	10	469	0	0
0.934	1	1	94	5	1	10	469	0	0
0.935	1	1	94	6	1	10	469	0	0
0.936	1	1	94	7	1	10	469	0	0
0.937	1	1	94	8	1	10	469	0	0
0.938	1	1	94	9	1	10	469	0	0
0.939	1	1	94	10	1	10	469	0	0
0.94	1	1	95	1	1	10	469	0	0
0.941	1	1	95	2	1	10	469	0	0
0.942	1	1	95	3	1	10	469	0	0
0.943	1	1	95	4	1	10	469	0	0
0.944	1	1	95	5	1	10	469	0	0
0.945	1	1	95	6	1	10	469	0	0
0.946	1	1	95	7	1	10	469	0	0
0.947	1	1	95	8	1	10	469	0	0
0.948	1	1	95	9	1	10	469	0	0
0.949	1	1	95	10	1	10	469	0	0
0.95	1	1	96	1	1	10	469	0	0
0.951	1	1	96	2	1	10	469	0	0
0.952	1	1	96	3	1	10	469	0	0
0.953	1	1	96	4	1	10	469	0	0
0.954	1	1	96	5	1	10	469	0	0
0.955	1	1	96	6	1	10	469	0	0
0.956	1	1	96	7	1	10	469	0	0
0.957	1	1	96	8	1	10	469	0	0
0.958	1	1	96	9	1	10	469	0	0
0.959	1	1	96	10	1	10	469	0	0
0.96	1	1	97	1	1	10	469	0	0
0.961	1	1	97	2	1	10	469	0	0
0.962	1	1	97	3	1	10	469	0	0
0.963	1	1	97	4	1	10	469	0	0
0.964	1	1	97	5	1	10	469	0	0
0.965	1	1	97	6	1	10	469	0	0
0.966	1	1	97	7	1	10	469	0	0
0.967	1	1	97	8	1	10	469	0	0
0.968	1	1	97	9	1	10	469	0	0
0.969	1	1	97	10	1	10	469	0	0
0.97	1	1	98	1	1	10	469	0	0
0.971	1	1	98	2	1	10	469	0	0
0.972	1	1	98	3	1	10	469	0	0
0.973	1	1	98	4	1	10	469	0	0
0.974	1	1	98	5	1	10	469	0	0
0.975	1	1	98	6	1	10	469	0	0
0.976	1	1	98	7	1	10	469	0	0
0.977	1	1	98	8	1	10	469	0	0
0.978	1	1	98	9	1	10	469	0	0
0.979	1	1	98	10	1	10	469	0	0
0.98	1	1	99	1	1	10	469	0	0
0.981	1	1	99	2	1	10	469	0	0
0.982	1	1	99	3	1	10	469	0	0
0.983	1	1	99	4	1	10	469	0	0
0.984	1	1	99	5	1	10	469	0	0
0.985	1	1	99	6	1	10	469	0	0
0.986	1	1	99	7	1	10	469	0	0
0.987	1	1	99	8	1	10	469	0	0
0.988	1	1	99	9	1	10	469	0	0
0.989	1	1	99	10	1	10	469	0	0
0.99	1	1	100	1	1	10	469	0	0
0.991	1	1	100	2	1	10	469	0	0
0.992	1	1	100	3	1	10	469	0	0
0.993	1	1	100	4	1	10	469	0	0
0.994	1	1	100	5	1	10	469	0	0
0.995	1	1	100	6	1	10	469	0	0
0.996	1	1	100	7	1	10	469	0	0
0.997	1	1	100	8	1	10	469	0	0
0.998	1	1	100	9	1	10	469	0	0
0.999	1	1	100	10	1	10	469	0	0
1	1	1	101	1	1	10	469	0	0
1.001	1	1	101	2	1	10	469	0	0
1.002	1	1	101	3	1	10	469	0	0
1.003	1	1	101	4	1	10	469	0	0
1.004	1	1	101	5	1	10	469	0	0
1.005	1	1	101	6	1	10	469	0	0
1.006	1	1	101	7	1	10	469	0	0
1.007	1	1	101	8	1	10	469	0	0
1.008	1	1	101	9	1	10	469	0	0
1.009	1	1	101	10	1	10	469	0	0
1.01	1	1	102	1	1	10	469	0	0
1.011	1	1	102	2	1	10	469	0	0
1.012	1	1	102	3	1	10	469	0	0
1.013	1	1	102	4	1	10	469	0	0
1.014	1	1	102	5	1	10	469	0	0
1.015	1	1	102	6	1	10	469	0	0
1.016	1	1	102	7	1	10	469	0	0
1.017	1	1	102	8	1	10	469	0	0
1.018	1	1	102	9	1	10	469	0	0
1.019	1	1	102	10	1	10	469	0	0
1.02	1	1	103	1	1	10	469	0	0
1.021	1	1	103	2	1	10	469	0	0
1.022	1	1	103	3	1	10	469	0	0
1.023	1	1	103	4	1	10	469	0	0
1.024	1	1	103	5	1	10	469	0	0
1.025	1	1	103	6	1	10	469	0	0
1.026	1	1	103	7	1	10	469	0	0
1.027	1	1	103	8	1	10	469	0	0
1.028	1	1	103	9	1	10	469	0	0
1.029	1	1	103	10	1	10	469	0	0
1.03	1	1	104	1	1	10	469	0	0
1.031	1	1	104	2	1	10	469	0	0
1.032	1	1	104	3	1	10	469	0	0
1.033	1	1	104	4	1	10	469	0	0
1.034	1	1	104	5	1	10	469	0	0
1.035	1	1	104	6	1	10	469	0	0
1.036	1	1	104	7	1	10	469	0	0
1.037	1	1	104	8	1	10	469	0	0
1.038	1	1	104	9	1	10	469	0	0
1.039	1	1	104	10	1	10	469	0	0
1.04	1	1	105	1	1	10	469	0	0
1.041	1	1	105	2	1	10	469	0	0
1.042	1	1	105	3	1	10	469	0	0
1.043	1	1	105	4	1	10	469	0	0
1.044	1	1	105	5	1	10	469	0	0
1.045	1	1	105	6	1	10	469	0	0
1.046	1	1	105	7	1	10	469	0	0
1.047	1	1	105	8	1	10	469	0	0
1.048	1	1	105	9	1	10	469	0	0
1.049	1	1	105	10	1	10	469	0	0
1.05	1	1	106	1	1	10	469	0	0
1.051	1	1	106	2	1	10	469	0	0
1.052	1	1	106	3	1	10	469	0	0
1.053	1	1	106	4	1	10	469	0	0
1.054	1	1	106	5	1	10	469	0	0
1.055	1	1	106	6	1	10	469	0	0
1.056	1	1	106	7	1	10	469	0	0
1.057	1	1	106	8	1	10	469	0	0
1.058	1	1	106	9	1	10	469	0	0
1.059	1	1	106	10	1	10	469	0	0
1.06	1	1	107	1	1	10	469	0	0
1.061	1	1	107	2	1	10	469	0	0
1.062	1	1	107	3	1	10	469	0	0
1.063	1	1	107	4	1	10	469	0	0
1.064	1	1	107	5	1	10	469	0	0
1.065	1	1	107	6	1	10	469	0	0
1.066	1	1	107	7	1	10	469	0	0
1.067	1	1	107	8	1	10	469	0	0
1.068	1	1	107	9	1	10	469	0	0
1.069	1	1	107	10	1	10	469	0	0
1.07	1	1	108	1	1	10	469	0	0
1.071	1	1	108	2	1	10	469	0	0
1.072	1	1	108	3	1	10	469	0	0
1.073	1	1	108	4	1	10	469	0	0
1.074	1	1	108	5	1	10	469	0	0
1.075	1	1	108	6	1	10	469	0	0
1.076	1	1	108	7	1	10	469	0	0
1.077	1	1	108	8	1	10	469	0	0
1.078	1	1	108	9	1	10	469	0	0
1.079	1	1	108	10	1	10	469	0	0
1.08	1	1	109	1	1	10	469	0	0
1.081	1	1	109	2	1	10	469	0	0
1.082	1	1	109	3	1	10	469	0	0
1.083	1	1	109	4	1	10	469	0	0
1.084	1	1	109	5	1	10	469	0	0
1.085	1	1	109	6	1	10	469	0	0
1.086	1	1	109	7	1	10	469	0	0
1.087	1	1	109	8	1	10	469	0	0
1.088	1	1	109	9	1	10	469	0	0
1.089	1	1	109	10	1	10	469	0	0
1.09	1	1	110	1	1	10	469	0	0
1.091	1	1	110	2	1	10	469	0	0
1.092	1	1	110	3	1	10	469	0	0
1.093	1	1	110	4	1	10	469	0	0
1.094	1	1	110	5	1	10	469	0	0
1.095	1	1	110	6	1	10	469	0	0
1.096	1	1	110	7	1	10	469	0	0
1.097	1	1	110	8	1	10	469	0	0
1.098	1	1	110	9	1	10	469	0	0
1.099	1	1	110	10	1	10	469	0	0
1.1	1	1	111	1	1	10	469	0	0
1.101	1	1	111	2	1	10	469	0	0
1.102	1	1	111	3	1	10	469	0	0
1.103	1	1	111	4	1	10	469	0	0
1.104	1	1	111	5	1	10	469	0	0
1.105	1	1	111	6	1	10	469	0	0
1.106	1	1	111	7	1	10	469	0	0
1.107	1	1	111	8	1	10	469	0	0
1.108	1	1	111	9	1	10	469	0	0
1.109	1	1	111	10	1	10	469	0	0
1.11	1	1	112	1	1	10	469	0	0
1.111	1	1	112	2	1	10	469	0	0
1.112	1	1	112	3	1	10	469	0	0
1.113	1	1	112	4	1	10	469	0	0
1.114	1	1	112	5	1	10	469	0	0
1.115	1	1	112	6	1	10	469	0	0
1.116	1	1	112	7	1	10	469	0	0
1.117	1	1	112	8	1	10	469	0	0
1.118	1	1	112	9	1	10	469	0	0
1.119	1	1	112	10	1	10	469	0	0
1.12	1	1	113	1	1	10	469	0	0
1.121	1	1	113	2	1	10	469	0	0
1.122	1	1	113	3	1	10	469	0	0
1.123	1	1	113	4	1	10	469	0	0
1.124	1	1	113	5	1	10	469	0	0
1.125	1	1	113	6	1	10	469	0	0
1.126	1	1	113	7	1	10	469	0	0
1.127	1	1	113	8	1	10	469	0	0
1.128	1	1	113	9	1	10	469	0	0
1.129	1	1	113	10	1	10	469	0	0
1.13	1	1	114	1	1	10	469	0	0
1.131	1	1	114	2	1	10	469	0	0
1.132	1	1	114	3	1	10	469	0	0
1.133	1	1	114	4	1	10	469	0	0
1.134	1	1	114	5	1	10	469	0	0
1.135	1	1	114	6	1	10	469	0	0
1.136	1	1	114	7	1	10	469	0	0
1.137	1	1	114	8	1	10	469	0	0
1.138	1	1	114	9	1	10	469	0	0
1.139	1	1	114	10	1	10	469	0	0
1.14	1	1	115	1	1	10	469	0	0
1.141	1	1	115	2	1	10	469	0	0
1.142	1	1	115	3	1	10	469	0	0
1.143	1	1	115	4	1	10	469	0	0
1.144	1	1	115	5	1	10	469	0	0
1.145	1	1	115	6	1	10	469	0	0
1.146	1	1	115	7	1	10	469	0	0
1.147	1	1	115	8	1	10	469	0	0
1.148	1	1	115	9	1	10	469	0	0
1.149	1	1	115	10	1	10	469	0	0
1.15	1	1	116	1	1	10	469	0	0
1.151	1	1	116	2	1	10	469	0	0
1.152	1	1	116	3	1	10	469	0	0
1.153	1	1	116	4	1	10	469	0	0
1.154	1	1	116	5	1	10	469	0	0
1.155	1	1	116	6	1	10	469	0	0
1.156	1	1	116	7	1	10	469	0	0
1.157	1	1	116	8	1	10	469	0	0
1.158	1	1	116	9	1	10	469	0	0
1.159	1	1	116	10	1	10	469	0	0
1.16	1	1	117	1	1	10	469	0	0
1.161	1	1	117	2	1	10	469	0	0
1.162	1	1	117	3	1	10	469	0	0
1.163	1	1	117	4	1	10	469	0	0
1.164	1	1	117	5	1	10	469	0	0
1.165	1	1	117	6	1	10	469	0	0
1.166	1	1	117	7	1	10	469	0	0
1.167	1	1	117	8	1	10	469	0	0
1.168	1	1	117	9	1	10	469	0	0
1.169	1	1	117	10	1	10	469	0	0
1.17	1	1	118	1	1	10	469	0	0
1.171	1	1	118	2	1	10	469	0	0
1.172	1	1	118	3	1	10	469	0	0
1.173	1	1	118	4	1	10	469	0	0
1.174	1	1	118	5	1	10	469	0	0
1.175	1	1	118	6	1	10	469	0	0
1.176	1	1	118	7	1	10	469	0	0
1.177	1	1	118	8	1	10	469	0	0
1.178	1	1	118	9	1	10	469	0	0
1.179	1	1	118	10	1	10	469	0	0
1.18	1	1	119	1	1	10	469	0	0
1.181	1	1	119	2	1	10	469	0	0
1.182	1	1	119	3	1	10	469	0	0
1.183	1	1	119	4	1	10	469	0	0
1.184	1	1	119	5	1	10	469	0	0
1.185	1	1	119	6	1	10	469	0	0
1.186	1	1	119	7	1	10	469	0	0
1.187	1	1	119	8	1	10	469	0	0
1.188	1	1	119	9	1	10	469	0	0
1.189	1	1	119	10	1	10	469	0	0
1.19	1	1	120	1	1	10	469	0	0
1.191	1	1	120	2	1	10	469	0	0
1.192	1	1	120	3	1	10	469	0	0
1.193	1	1	120	4	1	10	469	0	0
1.194	1	1	120	5	1	10	469	0	0
1.195	1	1	120	6	1	10	469	0	0
1.196	1	1	120	7	1	10	469	0	0
1.197	1	1	120	8	1	10	469	0	0
1.198	1	1	120	9	1	10	469	0	0
1.199	1	1	120	10	1	10	469	0	0
1.2	1	1	121	1	1	10	469	0	0
1.201	1	1	121	2	1	10	469	0	0
1.202	1	1	121	3	1	10	469	0	0
1.203	1	1	121	4	1	10	469	0	0
1.204	1	1	121	5	1	10	469	0	0
1.205	1	1	121	6	1	10	469	0	0
1.206	1	1	121	7	1	10	469	0	0
1.207	1	1	121	8	1	10	469	0	0
1.208	1	1	121	9	1	10	469	0	0
1.209	1	1	121	10	1	10	469	0	0
1.21	1	1	122	1	1	10	469	0	0
1.211	1	1	122	2	1	10	469	0	0
1.212	1	1	122	3	1	10	469	0	0
1.213	1	1	122	4	1	10	469	0	0
1.214	1	1	122	5	1	10	469	0	0
1.215	1	1	122	6	1	10	469	0	0
1.216	1	1	122	7	1	10	469	0	0
1.217	1	1	122	8	1	10	469	0	0
1.218	1	1	122	9	1	10	469	0	0
1.219	1	1	122	10	1	10	469	0	0
1.22	1	1	123	1	1	10	469	0	0
1.221	1	1	123	2	1	10	469	0	0
1.222	1	1	123	3	1	10	469	0	0
1.223	1	1	123	4	1	10	469	0	0
1.224	1	1	123	5	1	10	469	0	0
1.225	1	1	123	6	1	10	469	0	0
1.226	1	1	123	7	1	10	469	0	0
1.227	1	1	123	8	1	10	469	0	0
1.228	1	1	123	9	1	10	469	0	0
1.229	1	1	123	10	1	10	469	0	0
1.23	1	1	124	1	1	10	469	0	0
1.231	1	1	124	2	1	10	469	0	0
1.232	1	1	124	3	1	10	469	0	0
1.233	1	1	124	4	1	10	469	0	0
1.234	1	1	124	5	1	10	469	0	0
1.235	1	1	124	6	1	10	469	0	0
1.236	1	1	124	7	1	10	469	0	0
1.237	1	1	124	8	1	10	469	0	0
1.238	1	1	124	9	1	10	469	0	0
1.239	1	1	124	10	1	10	469	0	0
1.24	1	1	125	1	1	10	469	0	0
1.241	1	1	125	2	1	10	469	0	0
1.242	1	1	125	3	1	10	469	0	0
1.243	1	1	125	4	1	10	469	0	0
1.244	1	1	125	5	1	10	469	0	0
1.245	1	1	125	6	1	10	469	0	0
1.246	1	1	125	7	1	10	469	0	0
1.247	1	1	125	8	1	10	469	0	0
1.248	1	1	125	9	1	10	469	0	0
1.249	1	1	125	10	1	10	469	0	0
1.25	1	1	126	1	1	10	469	0	0
1.251	1	1	126	2	1	10	469	0	0
1.252	1	1	126	3	1	10	469	0	0
1.253	1	1	126	4	1	10	469	0	0
1.254	1	1	126	5	1	10	469	0	0
1.255	1	1	126	6	1	10	469	0	0
1.256	1	1	126	7	1	10	469	0	0
1.257	1	1	126	8	1	10	469	0	0
1.258	1	1	126	9	1	10	469	0	0
1.259	1	1	126	10	1	10	469	0	0
1.26	1	1	127	1	1	10	469	0	0
1.261	1	1	127	2	1	10	469	0	0
1.262	1	1	127	3	1	10	469	0	0
1.263	1	1	127	4	1	10	469	0	0
1.264	1	1	127	5	1	10	469	0	0
1.265	1	1	127	6	1	10	469	0	0
1.266	1	1	127	7	1	10	469	0	0
1.267	1	1	127	8	1	10	469	0	0
1.268	1	1	127	9	1	10	469	0	0
1.269	1	1	127	10	1	10	469	0	0
1.27	1	1	128	1	1	10	469	0	0
1.271	1	1	128	2	1	10	469	0	0
1.272	1	1	128	3	1	10	469	0	0
1.273	1	1	128	4	1	10	469	0	0
1.274	1	1	128	5	1	10	469	0	0
1.275	1	1	128	6	1	10	469	0	0
1.276	1	1	128	7	1	10	469	0	0
1.277	1	1	128	8	1	10	469	0	0
1.278	1	1	128	9	1	10	469	0	0
1.279	1	1	128	10	1	10	469	0	0
1.28	1	1	129	1	1	10	469	0	0
1.281	1	1	129	2	1	10	469	0	0
1.282	1	1	129	3	1	10	469	0	0
1.283	1	1	129	4	1	10	469	0	0
1.284	1	1	129	5	1	10	469	0	0
1.285	1	1	129	6	1	10	469	0	0
1.286	1	1	129	7	1	10	469	0	0
1.287	1	1	129	8	1	10	469	0	0
1.288	1	1	129	9	1	10	469	0	0
1.289	1	1	129	10	1	10	469	0	0
1.29	1	1	130	1	1	10	469	0	0
1.291	1	1	130	2	1	10	469	0	0
1.292	1	1	130	3	1	10	469	0	0
1.293	1	1	130	4	1	10	469	0	0
1.294	1	1	130	5	1	10	469	0	0
1.295	1	1	130	6	1	10	469	0	0
1.296	1	1	130	7	1	10	469	0	0
1.297	1	1	130	8	1	10	469	0	0
1.298	1	1	130	9	1	10	469	0	0
1.299	1	1	130	10	1	10	469	0	0
1.3	1	1	131	1	1	10	469	0	0
1.301	1	1	131	2	1	10	469	0	0
1.302	1	1	131	3	1	10	469	0	0
1.303	1	1	131	4	1	10	469	0	0
1.304	1	1	131	5	1	10	469	0	0
1.305	1	1	131	6	1	10	469	0	0
1.306	1	1	131	7	1	10	469	0	0
1.307	1	1	131	8	1	10	469	0	0
1.308	1	1	131	9	1	10	469	0	0
1.309	1	1	131	10	1	10	469	0	0
1.31	1	1	132	1	1	10	469	0	0
1.311	1	1	132	2	1	10	469	0	0
1.312	1	1	132	3	1	10	469	0	0
1.313	1	1	132	4	1	10	469	0	0
1.314	1	1	132	5	1	10	469	0	0
1.315	1	1	132	6	1	10	469	0	0
1.316	1	1	132	7	1	10	469	0	0
1.317	1	1	132	8	1	10	469	0	0
1.318	1	1	132	9	1	10	469	0	0
1.319	1	1	132	10	1	10	469	0	0
1.32	1	1	133	1	1	10	469	0	0
1.321	1	1	133	2	1	10	469	0	0
1.322	1	1	133	3	1	10	469	0	0
1.323	1	1	133	4	1	10	469	0	0
1.324	1	1	133	5	1	10	469	0	0
1.325	1	1	133	6	1	10	469	0	0
1.326	1	1	133	7	1	10	469	0	0
1.327	1	1	133	8	1	10	469	0	0
1.328	1	1	133	9	1	10	469	0	0
1.329	1	1	133	10	1	10	469	0	0
1.33	1	1	134	1	1	10	469	0	0
1.331	1	1	134	2	1	10	469	0	0
1.332	1	1	134	3	1	10	469	0	0
1.333	1	1	134	4	1	10	469	0	0
1.334	1	1	134	5	1	10	469	0	0
1.335	1	1	134	6	1	10	469	0	0
1.336	1	1	134	7	1	10	469	0	0
1.337	1	1	134	8	1	10	469	0	0
1.338	1	1	134	9	1	10	469	0	0
1.339	1	1	134	10	1	10	469	0	0
1.34	1	1	135	1	1	10	469	0	0
1.341	1	1	135	2	1	10	469	0	0
1.342	1	1	135	3	1	10	469	0	0
1.343	1	1	135	4	1	10	469	0	0
1.344	1	1	135	5	1	10	469	0	0
1.345	1	1	135	6	1	10	469	0	0
1.346	1	1	135	7	1	10	469	0	0
1.347	1	1	135	8	1	10	469	0	0
1.348	1	1	135	9	1	10	469	0	0
1.349	1	1	135	10	1	10	469	0	0
1.35	1	1	136	1	1	10	469	0	0
1.351	1	1	136	2	1	10	469	0	0
1.352	1	1	136	3	1	10	469	0	0
1.353	1	1	136	4	1	10	469	0	0
1.354	1	1	136	5	1	10	469	0	0
1.355	1	1	136	6	1	10	469	0	0
1.356	1	1	136	7	1	10	469	0	0
1.357	1	1	136	8	1	10	469	0	0
1.358	1	1	136	9	1	10	469	0	0
1.359	1	1	136	10	1	10	469	0	0
1.36	1	1	137	1	1	10	469	0	0
1.361	1	1	137	2	1	10	469	0	0
1.362	1	1	137	3	1	10	469	0	0
1.363	1	1	137	4	1	10	469	0	0
1.364	1	1	137	5	1	10	469	0	0
1.365	1	1	137	6	1	10	469	0	0
1.366	1	1	137	7	1	10	469	0	0
1.367	1	1	137	8	1	10	469	0	0
1.368	1	1	137	9	1	10	469	0	0
1.369	1	1	137	10	1	10	469	0	0
1.37	1	1	138	1	1	10	469	0	0
1.371	1	1	138	2	1	10	469	0	0
1.372	1	1	138	3	1	10	469	0	0
1.373	1	1	138	4	1	10	469	0	0
1.374	1	1	138	5	1	10	469	0	0
1.375	1	1	138	6	1	10	469	0	0
1.376	1	1	138	7	1	10	469	0	0
1.377	1	1	138	8	1	10	469	0	0
1.378	1	1	138	9	1	10	469	0	0
1.379	1	1	138	10	1	10	469	0	0
1.38	1	1	139	1	1	10	469	0	0
1.381	1	1	139	2	1	10	469	0	0
1.382	1	1	139	3	1	10	469	0	0
1.383	1	1	139	4	1	10	469	0	0
1.384	1	1	139	5	1	10	469	0	0
1.385	1	1	139	6	1	10	469	0	0
1.386	1	1	139	7	1	10	469	0	0
1.387	1	1	139	8	1	10	469	0	0
1.388	1	1	139	9	1	10	469	0	0
1.389	1	1	139	10	1	10	469	0	0
1.39	1	1	140	1	1	10	469	0	0
1.391	1	1	140	2	1	10	469	0	0
1.392	1	1	140	3	1	10	469	0	0
1.393	1	1	140	4	1	10	469	0	0
1.394	1	1	140	5	1	10	469	0	0
1.395	1	1	140	6	1	10	469	0	0
1.396	1	1	140	7	1	10	469	0	0
1.397	1	1	140	8	1	10	469	0	0
1.398	1	1	140	9	1	10	469	0	0
1.399	1	1	140	10	1	10	469	0	0
1.4	1	1	141	1	1	10	469	0	0
1.401	1	1	141	2	1	10	469	0	0
1.402	1	1	141	3	1	10	469	0	0
1.403	1	1	141	4	1	10	469	0	0
1.404	1	1	141	5	1	10	469	0	0
1.405	1	1	141	6	1	10	469	0	0
1.406	1	1	141	7	1	10	469	0	0
1.407	1	1	141	8	1	10	469	0	0
1.408	1	1	141	9	1	10	469	0	0
1.409	1	1	141	10	1	10	469	0	0
1.41	1	1	142	1	1	10	469	0	0
1.411	1	1	142	2	1	10	469	0	0
1.412	1	1	142	3	1	10	469	0	0
1.413	1	1	142	4	1	10	469	0	0
1.414	1	1	142	5	1	10	469	0	0
1.415	1	1	142	6	1	10	469	0	0
1.416	1	1	142	7	1	10	469	0	0
1.417	1	1	142	8	1	10	469	0	0
1.418	1	1	142	9	1	10	469	0	0
1.419	1	1	142	10	1	10	469	0	0
1.42	1	1	143	1	1	10	469	0	0
1.421	1	1	143	2	1	10	469	0	0
1.422	1	1	143	3	1	10	469	0	0
1.423	1	1	143	4	1	10	469	0	0
1.424	1	1	143	5	1	10	469	0	0
1.425	1	1	143	6	1	10	469	0	0
1.426	1	1	143	7	1	10	469	0	0
1.427	1	1	143	8	1	10	469	0	0
1.428	1	1	143	9	1	10	469	0	0
1.429	1	1	143	10	1	10	469	0	0
1.43	1	1	144	1	1	10	469	0	0
1.431	1	1	144	2	1	10	469	0	0
1.432	1	1	144	3	1	10	469	0	0
1.433	1	1	144	4	1	10	469	0	0
1.434	1	1	144	5	1	10	469	0	0
1.435	1	1	144	6	1	10	469	0	0
1.436	1	1	144	7	1	10	469	0	0
1.437	1	1	144	8	1	10	469	0	0
1.438	1	1	144	9	1	10	469	0	0
1.439	1	1	144	10	1	10	469	0	0
1.44	1	1	145	1	1	10	469	0	0
1.441	1	1	145	2	1	10	469	0	0
1.442	1	1	145	3	1	10	469	0	0
1.443	1	1	145	4	1	10	469	0	0
1.444	1	1	145	5	1	10	469	0	0
1.445	1	1	145	6	1	10	469	0	0
1.446	1	1	145	7	1	10	469	0	0
1.447	1	1	145	8	1	10	469	0	0
1.448	1	1	145	9	1	10	469	0	0
1.449	1	1	145	10	1	10	469	0	0
1.45	1	1	146	1	1	10	469	0	0
1.451	1	1	146	2	1	10	469	0	0
1.452	1	1	146	3	1	10	469	0	0
1.453	1	1	146	4	1	10	469	0	0
1.454	1	1	146	5	1	10	469	0	0
1.455	1	1	146	6	1	10	469	0	0
1.456	1	1	146	7	1	10	469	0	0
1.457	1	1	146	8	1	10	469	0	0
1.458	1	1	146	9	1	10	469	0	0
1.459	1	1	146	10	1	10	469	0	0
1.46	1	1	147	1	1	10	469	0	0
1.461	1	1	147	2	1	10	469	0	0
1.462	1	1	147	3	1	10	469	0	0
1.463	1	1	147	4	1	10	469	0	0
1.464	1	1	147	5	1	10	469	0	0
1.465	1	1	147	6	1	10	469	0	0
1.466	1	1	147	7	1	10	469	0	0
1.467	1	1	147	8	1	10	469	0	0
1.468	1	1	147	9	1	10	469	0	0
1.469	1	1	147	10	1	10	469	0	0
1.47	1	1	148	1	1	10	469	0	0
1.471	1	1	148	2	1	10	469	0	0
1.472	1	1	148	3	1	10	469	0	0
1.473	1	1	148	4	1	10	469	0	0
1.474	1	1	148	5	1	10	469	0	0
1.475	1	1	148	6	1	10	469	0	0
1.476	1	1	148	7	1	10	469	0	0
1.477	1	1	148	8	1	10	469	0	0
1.478	1	1	148	9	1	10	469	0	0
1.479	1	1	148	10	1	10	469	0	0
1.48	1	1	149	1	1	10	469	0	0
1.481	1	1	149	2	1	10	469	0	0
1.482	1	1	149	3	1	10	469	0	0
1.483	1	1	149	4	1	10	469	0	0
1.484	1	1	149	5	1	10	469	0	0
1.485	1	1	149	6	1	10	469	0	0
1.486	1	1	149	7	1	10	469	0	0
1.487	1	1	149	8	1	10	469	0	0
1.488	1	1	149	9	1	10	469	0	0
1.489	1	1	149	10	1	10	469	0	0
1.49	1	1	150	1	1	10	469	0	0
1.491	1	1	150	2	1	10	469	0	0
1.492	1	1	150	3	1	10	469	0	0
1.493	1	1	150	4	1	10	469	0	0
1.494	1	1	150	5	1	10	469	0	0
1.495	1	1	150	6	1	10	469	0	0
1.496	1	1	150	7	1	10	469	0	0
1.497	1	1	150	8	1	10	469	0	0
1.498	1	1	150	9	1	10	469	0	0
1.499	1	1	150	10	1	10	469	0	0
1.5	1	1	151	1	1	10	469	0	0
1.501	1	1	151	2	1	10	469	0	0
1.502	1	1	151	3	1	10	469	0	0
1.503	1	1	151	4	1	10	469	0	0
1.504	1	1	151	5	1	10	469	0	0
1.505	1	1	151	6	1	10	469	0	0
1.506	1	1	151	7	1	10	469	0	0
1.507	1	1	151	8	1	10	469	0	0
1.508	1	1	151	9	1	10	469	0	0
1.509	1	1	151	10	1	10	469	0	0
1.51	1	1	152	1	1	10	469	0	0
1.511	1	1	152	2	1	10	469	0	0
1.512	1	1	152	3	1	10	469	0	0
1.513	1	1	152	4	1	10	469	0	0
1.514	1	1	152	5	1	10	469	0	0
1.515	1	1	152	6	1	10	469	0	0
1.516	1	1	152	7	1	10	469	0	0
1.517	1	1	152	8	1	10	469	0	0
1.518	1	1	152	9	1	10	469	0	0
1.519	1	1	152	10	1	10	469	0	0
1.52	1	1	153	1	1	10	469	0	0
1.521	1	1	153	2	1	10	469	0	0
1.522	1	1	153	3	1	10	469	0	0
1.523	1	1	153	4	1	10	469	0	0
1.524	1	1	153	5	1	10	469	0	0
1.525	1	1	153	6	1	10	469	0	0
1.526	1	1	153	7	1	10	469	0	0
1.527	1	1	153	8	1	10	469	0	0
1.528	1	1	153	9	1	10	469	0	0
1.529	1	1	153	10	1	10	469	0	0
1.53	1	1	154	1	1	10	469	0	0
1.531	1	1	154	2	1	10	469	0	0
1.532	1	1	154	3	1	10	469	0	0
1.533	1	1	154	4	1	10	469	0	0
1.534	1	1	154	5	1	10	469	0	0
1.535	1	1	154	6	1	10	469	0	0
1.536	1	1	154	7	1	10	469	0	0
1.537	1	1	154	8	1	10	469	0	0
1.538	1	1	154	9	1	10	469	0	0
1.539	1	1	154	10	1	10	469	0	0
1.54	1	1	155	1	1	10	469	0	0
1.541	1	1	155	2	1	10	469	0	0
1.542	1	1	155	3	1	10	469	0	0
1.543	1	1	155	4	1	10	469	0	0
1.544	1	1	155	5	1	10	469	0	0
1.545	1	1	155	6	1	10	469	0	0
1.546	1	1	155	7	1	10	469	0	0
1.547	1	1	155	8	1	10	469	0	0
1.548	1	1	155	9	1	10	469	0	0
1.549	1	1	155	10	1	10	469	0	0
1.55	1	1	156	1	1	10	469	0	0
1.551	1	1	156	2	1	10	469	0	0
1.552	1	1	156	3	1	10	469	0	0
1.553	1	1	156	4	1	10	469	0	0
1.554	1	1	156	5	1	10	469	0	0
1.555	1	1	156	6	1	10	469	0	0
1.556	1	1	156	7	1	10	469	0	0
1.557	1	1	156	8	1	10	469	0	0
1.558	1	1	156	9	1	10	469	0	0
1.559	1	1	156	10	1	10	469	0	0
1.56	1	1	157	1	1	10	469	0	0
1.561	1	1	157	2	1	10	469	0	0
1.562	1	1	157	3	1	10	469	0	0
1.563	1	1	157	4	1	10	469	0	0
1.564	1	1	157	5	1	10	469	0	0
1.565	1	1	157	6	1	10	469	0	0
1.566	1	1	157	7	1	10	469	0	0
1.567	1	1	157	8	1	10	469	0	0
1.568	1	1	157	9	1	10	469	0	0
1.569	1	1	157	10	1	10	469	0	0
1.57	1	1	158	1	1	10	469	0	0
1.571	1	1	158	2	1	10	469	0	0
1.572	1	1	158	3	1	10	469	0	0
1.573	1	1	158	4	1	10	469	0	0
1.574	1	1	158	5	1	10	469	0	0
1.575	1	1	158	6	1	10	469	0	0
1.576	1	1	158	7	1	10	469	0	0
1.577	1	1	158	8	1	10	469	0	0
1.578	1	1	158	9	1	10	469	0	0
1.579	1	1	158	10	1	10	469	0	0
1.58	1	1	159	1	1	10	469	0	0
1.581	1	1	159	2	1	10	469	0	0
1.582	1	1	159	3	1	10	469	0	0
1.583	1	1	159	4	1	10	469	0	0
1.584	1	1	159	5	1	10	469	0	0
1.585	1	1	159	6	1	10	469	0	0
1.586	1	1	159	7	1	10	469	0	0
1.587	1	1	159	8	1	10	469	0	0
1.588	1	1	159	9	1	10	469	0	0
1.589	1	1	159	10	1	10	469	0	0
1.59	1	1	160	1	1	10	469	0	0
1.591	1	1	160	2	1	10	469	0	0
1.592	1	1	160	3	1	10	469	0	0
1.593	1	1	160	4	1	10	469	0	0
1.594	1	1	160	5	1	10	469	0	0
1.595	1	1	160	6	1	10	469	0	0
1.596	1	1	160	7	1	10	469	0	0
1.597	1	1	160	8	1	10	469	0	0
1.598	1	1	160	9	1	10	469	0	0
1.599	1	1	160	10	1	10	469	0	0
1.6	1	1	161	1	1	10	469	0	0
1.601	1	1	161	2	1	10	469	0	0
1.602	1	1	161	3	1	10	469	0	0
1.603	1	1	161	4	1	10	469	0	0
1.604	1	1	161	5	1	10	469	0	0
1.605	1	1	161	6	1	10	469	0	0
1.606	1	1	161	7	1	10	469	0	0
1.607	1	1	161	8	1	10	469	0	0
1.608	1	1	161	9	1	10	469	0	0
1.609	1	1	161	10	1	10	469	0	0
1.61	1	1	162	1	1	10	469	0	0
1.611	1	1	162	2	1	10	469	0	0
1.612	1	1	162	3	1	10	469	0	0
1.613	1	1	162	4	1	10	469	0	0
1.614	1	1	162	5	1	10	469	0	0
1.615	1	1	162	6	1	10	469	0	0
1.616	1	1	162	7	1	10	469	0	0
1.617	1	1	162	8	1	10	469	0	0
1.618	1	1	162	9	1	10	469	0	0
1.619	1	1	162	10	1	10	469	0	0
1.62	1	1	163	1	1	10	469	0	0
1.621	1	1	163	2	1	10	469	0	0
1.622	1	1	163	3	1	10	469	0	0
1.623	1	1	163	4	1	10	469	0	0
1.624	1	1	163	5	1	10	469	0	0
1.625	1	1	163	6	1	10	469	0	0
1.626	1	1	163	7	1	10	469	0	0
1.627	1	1	163	8	1	10	469	0	0
1.628	1	1	163	9	1	10	469	0	0
1.629	1	1	163	10	1	10	469	0	0
1.63	1	1	164	1	1	10	469	0	0
1.631	1	1	164	2	1	10	469	0	0
1.632	1	1	164	3	1	10	469	0	0
1.633	1	1	164	4	1	10	469	0	0
1.634	1	1	164	5	1	10	469	0	0
1.635	1	1	164	6	1	10	469	0	0
1.636	1	1	164	7	1	10	469	0	0
1.637	1	1	164	8	1	10	469	0	0
1.638	1	1	164	9	1	10	469	0	0
1.639	1	1	164	10	1	10	469	0	0
1.64	1	1	165	1	1	10	469	0	0
1.641	1	1	165	2	1	10	469	0	0
1.642	1	1	165	3	1	10	469	0	0
1.643	1	1	165	4	1	10	469	0	0
1.644	1	1	165	5	1	10	469	0	0
1.645	1	1	165	6	1	10	469	0	0
1.646	1	1	165	7	1	10	469	0	0
1.647	1	1	165	8	1	10	469	0	0
1.648	1	1	165	9	1	10	469	0	0
1.649	1	1	165	10	1	10	469	0	0
1.65	1	1	166	1	1	10	469	0	0
1.651	1	1	166	2	1	10	469	0	0
1.652	1	1	166	3	1	10	469	0	0
1.653	1	1	166	4	1	10	469	0	0
1.654	1	1	166	5	1	10	469	0	0
1.655	1	1	166	6	1	10	469	0	0
1.656	1	1	166	7	1	10	469	0	0
1.657	1	1	166	8	1	10	469	0	0
1.658	1	1	166	9	1	10	469	0	0
1.659	1	1	166	10	1	10	469	0	0
1.66	1	1	167	1	1	10	469	0	0
1.661	1	1	167	2	1	10	469	0	0
1.662	1	1	167	3	1	10	469	0	0
1.663	1	1	167	4	1	10	469	0	0
1.664	1	1	167	5	1	10	469	0	0
1.665	1	1	167	6	1	10	469	0	0
1.666	1	1	167	7	1	10	469	0	0
1.667	1	1	167	8	1	10	469	0	0
1.668	1	1	167	9	1	10	469	0	0
1.669	1	1	167	10	1	10	469	0	0
1.67	1	1	168	1	1	10	469	0	0
1.671	1	1	168	2	1	10	469	0	0
1.672	1	1	168	3	1	10	469	0	0
1.673	1	1	168	4	1	10	469	0	0
1.674	1	1	168	5	1	10	469	0	0
1.675	1	1	168	6	1	10	469	0	0
1.676	1	1	168	7	1	10	469	0	0
1.677	1	1	168	8	1	10	469	0	0
1.678	1	1	168	9	1	10	469	0	0
1.679	1	1	168	10	1	10	469	0	0
1.68	1	1	169	1	1	10	469	0	0
1.681	1	1	169	2	1	10	469	0	0
1.682	1	1	169	3	1	10	469	0	0
1.683	1	1	169	4	1	10	469	0	0
1.684	1	1	169	5	1	10	469	0	0
1.685	1	1	169	6	1	10	469	0	0
1.686	1	1	169	7	1	10	469	0	0
1.687	1	1	169	8	1	10	469	0	0
1.688	1	1	169	9	1	10	469	0	0
1.689	1	1	169	10	1	10	469	0	0
1.69	1	1	170	1	1	10	469	0	0
1.691	1	1	170	2	1	10	469	0	0
1.692	1	1	170	3	1	10	469	0	0
1.693	1	1	170	4	1	10	469	0	0
1.694	1	1	170	5	1	10	469	0	0
1.695	1	1	170	6	1	10	469	0	0
1.696	1	1	170	7	1	10	469	0	0
1.697	1	1	170	8	1	10	469	0	0
1.698	1	1	170	9	1	10	469	0	0
1.699	1	1	170	10	1	10	469	0	0
1.7	1	1	171	1	1	10	469	0	0
1.701	1	1	171	2	1	10	469	0	0
1.702	1	1	171	3	1	10	469	0	0
1.703	1	1	171	4	1	10	469	0	0
1.704	1	1	171	5	1	10	469	0	0
1.705	1	1	171	6	1	10	469	0	0
1.706	1	1	171	7	1	10	469	0	0
1.707	1	1	171	8	1	10	469	0	0
1.708	1	1	171	9	1	10	469	0	0
1.709	1	1	171	10	1	10	469	0	0
1.71	1	1	172	1	1	10	469	0	0
1.711	1	1	172	2	1	10	469	0	0
1.712	1	1	172	3	1	10	469	0	0
1.713	1	1	172	4	1	10	469	0	0
1.714	1	1	172	5	1	10	469	0	0
1.715	1	1	172	6	1	10	469	0	0
1.716	1	1	172	7	1	10	469	0	0
1.717	1	1	172	8	1	10	469	0	0
1.718	1	1	172	9	1	10	469	0	0
1.719	1	1	172	10	1	10	469	0	0
1.72	1	1	173	1	1	10	469	0	0
1.721	1	1	173	2	1	10	469	0	0
1.722	1	1	173	3	1	10	469	0	0
1.723	1	1	173	4	1	10	469	0	0
1.724	1	1	173	5	1	10	469	0	0
1.725	1	1	173	6	1	10	469	0	0
1.726	1	1	173	7	1	10	469	0	0
1.727	1	1	173	8	1	10	469	0	0
1.728	1	1	173	9	1	10	469	0	0
1.729	1	1	173	10	1	10	469	0	0
1.73	1	1	174	1	1	10	469	0	0
1.731	1	1	174	2	1	10	469	0	0
1.732	1	1	174	3	1	10	469	0	0
1.733	1	1	174	4	1	10	469	0	0
1.734	1	1	174	5	1	10	469	0	0
1.735	1	1	174	6	1	10	469	0	0
1.736	1	1	174	7	1	10	469	0	0
1.737	1	1	174	8	1	10	469	0	0
1.738	1	1	174	9	1	10	469	0	0
1.739	1	1	174	10	1	10	469	0	0
1.74	1	1	175	1	1	10	469	0	0
1.741	1	1	175	2	1	10	469	0	0
1.742	1	1	175	3	1	10	469	0	0
1.743	1	1	175	4	1	10	469	0	0
1.744	1	1	175	5	1	10	469	0	0
1.745	1	1	175	6	1	10	469	0	0
1.746	1	1	175	7	1	10	469	0	0
1.747	1	1	175	8	1	10	469	0	0
1.748	1	1	175	9	1	10	469	0	0
1.749	1	1	175	10	1	10	469	0	0
1.75	1	1	176	1	1	10	469	0	0
1.751	1	1	176	2	1	10	469	0	0
1.752	1	1	176	3	1	10	469	0	0
1.753	1	1	176	4	1	10	469	0	0
1.754	1	1	176	5	1	10	469	0	0
1.755	1	1	176	6	1	10	469	0	0
1.756	1	1	176	7	1	10	469	0	0
1.757	1	1	176	8	1	10	469	0	0
1.758	1	1	176	9	1	10	469	0	0
1.759	1	1	176	10	1	10	469	0	0
1.76	1	1	177	1	1	10	469	0	0
1.761	1	1	177	2	1	10	469	0	0
1.762	1	1	177	3	1	10	469	0	0
1.763	1	1	177	4	1	10	469	0	0
1.764	1	1	177	5	1	10	469	0	0
1.765	1	1	177	6	1	10	469	0	0
1.766	1	1	177	7	1	10	469	0	0
1.767	1	1	177	8	1	10	469	0	0
1.768	1	1	177	9	1	10	469	0	0
1.769	1	1	177	10	1	10	469	0	0
1.77	1	1	178	1	1	10	469	0	0
1.771	1	1	178	2	1	10	469	0	0
1.772	1	1	178	3	1	10	469	0	0
1.773	1	1	178	4	1	10	469	0	0
1.774	1	1	178	5	1	10	469	0	0
1.775	1	1	178	6	1	10	469	0	0
1.776	1	1	178	7	1	10	469	0	0
1.777	1	1	178	8	1	10	469	0	0
1.778	1	1	178	9	1	10	469	0	0
1.779	1	1	178	10	1	10	469	0	0
1.78	1	1	179	1	1	10	469	0	0
1.781	1	1	179	2	1	10	469	0	0
1.782	1	1	179	3	1	10	469	0	0
1.783	1	1	179	4	1	10	469	0	0
1.784	1	1	179	5	1	10	469	0	0
1.785	1	1	179	6	1	10	469	0	0
1.786	1	1	179	7	1	10	469	0	0
1.787	1	1	179	8	1	10	469	0	0
1.788	1	1	179	9	1	10	469	0	0
1.789	1	1	179	10	1	10	469	0	0
1.79	1	1	180	1	1	10	469	0	0
1.791	1	1	180	2	1	10	469	0	0
1.792	1	1	180	3	1	10	469	0	0
1.793	1	1	180	4	1	10	469	0	0
1.794	1	1	180	5	1	10	469	0	0
1.795	1	1	180	6	1	10	469	0	0
1.796	1	1	180	7	1	10	469	0	0
1.797	1	1	180	8	1	10	469	0	0
1.798	1	1	180	9	1	10	469	0	0
1.799	1	1	180	10	1	10	469	0	0
1.8	1	1	181	1	1	10	469	0	0
1.801	1	1	181	2	1	10	469	0	0
1.802	1	1	181	3	1	10	469	0	0
1.803	1	1	181	4	1	10	469	0	0
1.804	1	1	181	5	1	10	469	0	0
1.805	1	1	181	6	1	10	469	0	0
1.806	1	1	181	7	1	10	469	0	0
1.807	1	1	181	8	1	10	469	0	0
1.808	1	1	181	9	1	10	469	0	0
1.809	1	1	181	10	1	10	469	0	0
1.81	1	1	182	1	1	10	469	0	0
1.811	1	1	182	2	1	10	469	0	0
1.812	1	1	182	3	1	10	469	0	0
1.813	1	1	182	4	1	10	469	0	0
1.814	1	1	182	5	1	10	469	0	0
1.815	1	1	182	6	1	10	469	0	0
1.816	1	1	182	7	1	10	469	0	0
1.817	1	1	182	8	1	10	469	0	0
1.818	1	1	182	9	1	10	469	0	0
1.819	1	1	182	10	1	10	469	0	0
1.82	1	1	183	1	1	10	469	0	0
1.821	1	1	183	2	1	10	469	0	0
1.822	1	1	183	3	1	10	469	0	0
1.823	1	1	183	4	1	10	469	0	0
1.824	1	1	183	5	1	10	469	0	0
1.825	1	1	183	6	1	10	469	0	0
1.826	1	1	183	7	1	10	469	0	0
1.827	1	1	183	8	1	10	469	0	0
1.828	1	1	183	9	1	10	469	0	0
1.829	1	1	183	10	1	10	469	0	0
1.83	1	1	184	1	1	10	469	0	0
1.831	1	1	184	2	1	10	469	0	0
1.832	1	1	184	3	1	10	469	0	0
1.833	1	1	184	4	1	10	469	0	0
1.834	1	1	184	5	1	10	469	0	0
1.835	1	1	184	6	1	10	469	0	0
1.836	1	1	184	7	1	10	469	0	0
1.837	1	1	184	8	1	10	469	0	0
1.838	1	1	184	9	1	10	469	0	0
1.839	1	1	184	10	1	10	469	0	0
1.84	1	1	185	1	1	10	469	0	0
1.841	1	1	185	2	1	10	469	0	0
1.842	1	1	185	3	1	10	469	0	0
1.843	1	1	185	4	1	10	469	0	0
1.844	1	1	185	5	1	10	469	0	0
1.845	1	1	185	6	1	10	469	0	0
1.846	1	1	185	7	1	10	469	0	0
1.847	1	1	185	8	1	10	469	0	0
1.848	1	1	185	9	1	10	469	0	0
1.849	1	1	185	10	1	10	469	0	0
1.85	1	1	186	1	1	10	469	0	0
1.851	1	1	186	2	1	10	469	0	0
1.852	1	1	186	3	1	10	469	0	0
1.853	1	1	186	4	1	10	469	0	0
1.854	1	1	186	5	1	10	469	0	0
1.855	1	1	186	6	1	10	469	0	0
1.856	1	1	186	7	1	10	469	0	0
1.857	1	1	186	8	1	10	469	0	0
1.858	1	1	186	9	1	10	469	0	0
1.859	1	1	186	10	1	10	469	0	0
1.86	1	1	187	1	1	10	469	0	0
1.861	1	1	187	2	1	10	469	0	0
1.862	1	1	187	3	1	10	469	0	0
1.863	1	1	187	4	1	10	469	0	0
1.864	1	1	187	5	1	10	469	0	0
1.865	1	1	187	6	1	10	469	0	0
1.866	1	1	187	7	1	10	469	0	0
1.867	1	1	187	8	1	10	469	0	0
1.868	1	1	187	9	1	10	469	0	0
1.869	1	1	187	10	1	10	469	0	0
1.87	1	1	188	1	1	10	469	0	0
1.871	1	1	188	2	1	10	469	0	0
1.872	1	1	188	3	1	10	469	0	0
1.873	1	1	188	4	1	10	469	0	0
1.874	1	1	188	5	1	10	469	0	0
1.875	1	1	188	6	1	10	469	0	0
1.876	1	1	188	7	1	10	469	0	0
1.877	1	1	188	8	1	10	469	0	0
1.878	1	1	188	9	1	10	469	0	0
1.879	1	1	188	10	1	10	469	0	0
1.88	1	1	189	1	1	10	469	0	0
1.881	1	1	189	2	1	10	469	0	0
1.882	1	1	189	3	1	10	469	0	0
1.883	1	1	189	4	1	10	469	0	0
1.884	1	1	189	5	1	10	469	0	0
1.885	1	1	189	6	1	10	469	0	0
1.886	1	1	189	7	1	10	469	0	0
1.887	1	1	189	8	1	10	469	0	0
1.888	1	1	189	9	1	10	469	0	0
1.889	1	1	189	10	1	10	469	0	0
1.89	1	1	190	1	1	10	469	0	0
1.891	1	1	190	2	1	10	469	0	0
1.892	1	1	190	3	1	10	469	0	0
1.893	1	1	190	4	1	10	469	0	0
1.894	1	1	190	5	1	10	469	0	0
1.895	1	1	190	6	1	10	469	0	0
1.896	1	1	190	7	1	10	469	0	0
1.897	1	1	190	8	1	10	469	0	0
1.898	1	1	190	9	1	10	469	0	0
1.899	1	1	190	10	1	10	469	0	0
1.9	1	1	191	1	1	10	469	0	0
1.901	1	1	191	2	1	10	469	0	0
1.902	1	1	191	3	1	10	469	0	0
1.903	1	1	191	4	1	10	469	0	0
1.904	1	1	191	5	1	10	469	0	0
1.905	1	1	191	6	1	10	469	0	0
1.906	1	1	191	7	1	10	469	0	0
1.907	1	1	191	8	1	10	469	0	0
1.908	1	1	191	9	1	10	469	0	0
1.909	1	1	191	10	1	10	469	0	0
1.91	1	1	192	1	1	10	469	0	0
1.911	1	1	192	2	1	10	469	0	0
1.912	1	1	192	3	1	10	469	0	0
1.913	1	1	192	4	1	10	469	0	0
1.914	1	1	192	5	1	10	469	0	0
1.915	1	1	192	6	1	10	469	0	0
1.916	1	1	192	7	1	10	469	0	0
1.917	1	1	192	8	1	10	469	0	0
1.918	1	1	192	9	1	10	469	0	0
1.919	1	1	192	10	1	10	469	0	0
1.92	1	1	193	1	1	10	469	0	0
1.921	1	1	193	2	1	10	469	0	0
1.922	1	1	193	3	1	10	469	0	0
1.923	1	1	193	4	1	10	469	0	0
1.924	1	1	193	5	1	10	469	0	0
1.925	1	1	193	6	1	10	469	0	0
1.926	1	1	193	7	1	10	469	0	0
1.927	1	1	193	8	1	10	469	0	0
1.928	1	1	193	9	1	10	469	0	0
1.929	1	1	193	10	1	10	469	0	0
1.93	1	1	194	1	1	10	469	0	0
1.931	1	1	194	2	1	10	469	0	0
1.932	1	1	194	3	1	10	469	0	0
1.933	1	1	194	4	1	10	469	0	0
1.934	1	1	194	5	1	10	469	0	0
1.935	1	1	194	6	1	10	469	0	0
1.936	1	1	194	7	1	10	469	0	0
1.937	1	1	194	8	1	10	469	0	0
1.938	1	1	194	9	1	10	469	0	0
1.939	1	1	194	10	1	10	469	0	0
1.94	1	1	195	1	1	10	469	0	0
1.941	1	1	195	2	1	10	469	0	0
1.942	1	1	195	3	1	10	469	0	0
1.943	1	1	195	4	1	10	469	0	0
1.944	1	1	195	5	1	10	469	0	0
1.945	1	1	195	6	1	10	469	0	0
1.946	1	1	195	7	1	10	469	0	0
1.947	1	1	195	8	1	10	469	0	0
1.948	1	1	195	9	1	10	469	0	0
1.949	1	1	195	10	1	10	469	0	0
1.95	1	1	196	1	1	10	469	0	0
1.951	1	1	196	2	1	10	469	0	0
1.952	1	1	196	3	1	10	469	0	0
1.953	1	1	196	4	1	10	469	0	0
1.954	1	1	196	5	1	10	469	0	0
1.955	1	1	196	6	1	10	469	0	0
1.956	1	1	196	7	1	10	469	0	0
1.957	1	1	196	8	1	10	469	0	0
1.958	1	1	196	9	1	10	469	0	0
1.959	1	1	196	10	1	10	469	0	0
1.96	1	1	197	1	1	10	469	0	0
1.961	1	1	197	2	1	10	469	0	0
1.962	1	1	197	3	1	10	469	0	0
1.963	1	1	197	4	1	10	469	0	0
1.964	1	1	197	5	1	10	469	0	0
1.965	1	1	197	6	1	10	469	0	0
1.966	1	1	197	7	1	10	469	0	0
1.967	1	1	197	8	1	10	469	0	0
1.968	1	1	197	9	1	10	469	0	0
1.969	1	1	197	10	1	10	469	0	0
1.97	1	1	198	1	1	10	469	0	0
1.971	1	1	198	2	1	10	469	0	0
1.972	1	1	198	3	1	10	469	0	0
1.973	1	1	198	4	1	10	469	0	0
1.974	1	1	198	5	1	10	469	0	0
1.975	1	1	198	6	1	10	469	0	0
1.976	1	1	198	7	1	10	469	0	0
1.977	1	1	198	8	1	10	469	0	0
1.978	1	1	198	9	1	10	469	0	0
1.979	1	1	198	10	1	10	469	0	0
1.98	1	1	199	1	1	10	469	0	0
1.981	1	1	199	2	1	10	469	0	0
1.982	1	1	199	3	1	10	469	0	0
1.983	1	1	199	4	1	10	469	0	0
1.984	1	1	199	5	1	10	469	0	0
1.985	1	1	199	6	1	10	469	0	0
1.986	1	1	199	7	1	10	469	0	0
1.987	1	1	199	8	1	10	469	0	0
1.988	1	1	199	9	1	10	469	0	0
1.989	1	1	199	10	1	10	469	0	0
1.99	1	1	200	1	1	10	469	0	0
1.991	1	1	200	2	1	10	469	0	0
1.992	1	1	200	3	1	10	469	0	0
1.993	1	1	200	4	1	10	469	0	0
1.994	1	1	200	5	1	10	469	0	0
1.995	1	1	200	6	1	10	469	0	0
1.996	1	1	200	7	1	10	469	0	0
1.997	1	1	200	8	1	10	469	0	0
1.998	1	1	200	9	1	10	469	0	0
1.999	1	1	200	10	1	10	469	0	0
2	1	1	201	1	1	10	469	0	0
2.001	1	1	201	2	1	10	469	0	0
2.002	1	1	201	3	1	10	469	0	0
2.003	1	1	201	4	1	10	469	0	0
2.004	1	1	201	5	1	10	469	0	0
2.005	1	1	201	6	1	10	469	0	0
2.006	1	1	201	7	1	10	469	0	0
2.007	1	1	201	8	1	10	469	0	0
2.008	1	1	201	9	1	10	469	0	0
2.009	1	1	201	10	1	10	469	0	0
2.01	1	1	202	1	1	10	469	0	0
2.011	1	1	202	2	1	10	469	0	0
2.012	1	1	202	3	1	10	469	0	0
2.013	1	1	202	4	1	10	469	0	0
2.014	1	1	202	5	1	10	469	0	0
2.015	1	1	202	6	1	10	469	0	0
2.016	1	1	202	7	1	10	469	0	0
2.017	1	1	202	8	1	10	469	0	0
2.018	1	1	202	9	1	10	469	0	0
2.019	1	1	202	10	1	10	469	0	0
2.02	1	1	203	1	1	10	469	0	0
2.021	1	1	203	2	1	10	469	0	0
2.022	1	1	203	3	1	10	469	0	0
2.023	1	1	203	4	1	10	469	0	0
2.024	1	1	203	5	1	10	469	0	0
2.025	1	1	203	6	1	10	469	0	0
2.026	1	1	203	7	1	10	469	0	0
2.027	1	1	203	8	1	10	469	0	0
2.028	1	1	203	9	1	10	469	0	0
2.029	1	1	203	10	1	10	469	0	0
2.03	1	1	204	1	1	10	469	0	0
2.031	1	1	204	2	1	10	469	0	0
2.032	1	1	204	3	1	10	469	0	0
2.033	1	1	204	4	1	10	469	0	0
2.034	1	1	204	5	1	10	469	0	0
2.035	1	1	204	6	1	10	469	0	0
2.036	1	1	204	7	1	10	469	0	0
2.037	1	1	204	8	1	10	469	0	0
2.038	1	1	204	9	1	10	469	0	0
2.039	1	1	204	10	1	10	469	0	0
2.04	1	1	205	1	1	10	469	0	0
2.041	1	1	205	2	1	10	469	0	0
2.042	1	1	205	3	1	10	469	0	0
2.043	1	1	205	4	1	10	469	0	0
2.044	1	1	205	5	1	10	469	0	0
2.045	1	1	205	6	1	10	469	0	0
2.046	1	1	205	7	1	10	469	0	0
2.047	1	1	205	8	1	10	469	0	0
2.048	1	1	205	9	1	10	469	0	0
2.049	1	1	205	10	1	10	469	0	0
